 Connector   Channel  PadIndex  AbsIndex              Radius                 Phi            DeltaPhi
         4         0         0       512             589.286            0.422612          0.00405062
         4         1         1       513             532.143            0.423014         0.000401499
         4         2         2       514                 475            0.423512         0.000498251
         4         3         3       515             417.857            0.424147         0.000634762
         4         4         4       516             360.714            0.424983         0.000836263
         4         5         5       517             303.571            0.426135          0.00115178
         4         6         6       518                 555            0.427131         0.000995877
         4         7         7       519             246.429            0.427822         0.000691387
         4         8         8       520             497.857            0.428075         0.000253063
         4         9         9       521             440.714            0.429264          0.00118851
         4        10        10       522             189.286            0.430531          0.00126728
         4        11        11       523             383.571            0.430805         0.000273901
         4        12        12       524             577.857            0.430924          0.00011912
         4        13        13       525             520.714            0.432241          0.00131652
         4        14        14       526             326.429            0.432883         0.000642412
         4        15        15       527             463.571             0.43388         0.000997108
         4        16        16       528             132.143             0.43559          0.00170948
         4        17        17       529             269.286            0.435837         0.000247735
         4        18        18       530             406.429            0.435978         0.000140741
         4        19        19       531             543.571            0.436058           7.988e-05
         4        20        20       532             486.429            0.438066          0.00200794
         4        21        21       533             349.286            0.438758         0.000691971
         4        22        22       534             566.429            0.439569         0.000811315
         4        23        23       535             212.143            0.440369         0.000800092
         4        24        24       536             429.286            0.440605         0.000235869
         4        25        25       537             509.286            0.441879          0.00127351
         4        26        26       538             292.143            0.442616         0.000737393
         4        27        27       539             589.286             0.44281         0.000193635
         4        28        28       540             372.143            0.443919          0.00110891
         4        29        29       541             452.143            0.444768         0.000849662
         4        30        30       542             532.143            0.445366         0.000597849
         4        31        31       543                 155            0.448198          0.00283182
         4        32        32       544                 235             0.44833         0.000132127
         4        33        33       545                 315            0.448424          9.3604e-05
         4        34        34       546                 395            0.448488         6.41933e-05
         4        35        35       547                 475            0.448534         4.59736e-05
         4        36        36       548                 555            0.448568         3.43442e-05
         4        37        37       549             577.857            0.451518          0.00295032
         4        38        38       550             497.857            0.451956         0.000437689
         4        39        39       551             417.857            0.452562         0.000605577
         4        40        40       552             337.857            0.453455         0.000892952
         4        41        41       553             257.857            0.454903           0.0014484
         4        42        42       554             520.714             0.45508         0.000177067
         4        43        43       555             440.714            0.456217           0.0011365
         4        44        44       556             177.857            0.457658          0.00144176
         4        45        45       557             360.714            0.457855         0.000196641
         4        46        46       558             543.571            0.457943         8.81221e-05
         4        47        47       559             463.571            0.459514          0.00157086
         4        48        48       560             280.714            0.460422         0.000907673
         4        49        49       561             566.429            0.460577         0.000154886
         4        50        50       562             383.571            0.461736          0.00115966
         4        51        51       563             486.429            0.462504         0.000767626
         4        52        52       564             589.286            0.463007         0.000503087
         4        53        53       565             200.714            0.465016           0.0020086
         4        54        54       566             303.571             0.46512         0.000104933
         4        55        55       567             406.429            0.465185         6.44962e-05
         4        56        56       568             509.286            0.465227         4.22786e-05
         4        57        57       569             532.143            0.467718          0.00249103
         4        58        58       570             429.286             0.46827           0.0005514
         4        59        59       571             326.429            0.469169         0.000899633
         4        60        60       572                 555            0.470005         0.000836152
         4        61        61       573             223.571            0.470899         0.000893553
         4        62        62       574             452.143            0.471045         0.000146064
         4        63        63       575             577.857            0.472113          0.00106775
         4        64        64       576             349.286            0.472694         0.000581394
         4        65        65       577                 475            0.473555         0.000861231
         4        66        66       578             246.429             0.47571          0.00215503
         4        67        67       579             372.143            0.475791         8.01652e-05
         4        68        68       580             497.857            0.475837         4.63665e-05
         4        69        69       581             520.714             0.47792          0.00208266
         4        70        70       582                 395            0.478532          0.00061252
         4        71        71       583             269.286            0.479718          0.00118585
         4        72        72       584             543.571            0.479828          0.00011031
         4        73        73       585             417.857            0.480977          0.00114818
         4        74        74       586             566.429            0.481584         0.000607432
         4        75        75       587             143.571            0.482988          0.00140404
         4        76        76       588             292.143            0.483107         0.000119385
         4        77        77       589             440.714            0.483169         6.20889e-05
         4        78        78       590             589.286            0.483204         3.47284e-05
         4        79        79       591             463.571            0.485148           0.0019437
         4        80        80       592                 315            0.486011         0.000863283
         4        81        81       593             486.429            0.486942         0.000930622
         4        82        82       594             166.429            0.488421          0.00147928
         4        83        83       595             337.857            0.488527         0.000105621
         4        84        84       596             509.286            0.488576         4.91359e-05
         4        85        85       597             532.143             0.49007          0.00149462
         4        86        86       598             360.714            0.490727         0.000656425
         4        87        87       599                 555            0.491443         0.000715885
         4        88        88       600             189.286            0.492576          0.00113341
         4        89        89       601             383.571            0.492667         9.13003e-05
         4        90        90       602             577.857            0.492707         3.97066e-05
         4        91        91       603             406.429            0.494392          0.00168466
         4        92        92       604             212.143            0.495856          0.00146373
         4        93        93       605             429.286            0.495934         7.86229e-05
         4        94        94       606             452.143            0.497322           0.0013877
         4        95        95       607                 235            0.498509          0.00118726
         4        96        96       608                 475            0.498577         6.79236e-05
         4        97        97       609             497.857            0.499718          0.00114078
         4        98        98       610             257.857              0.5007          0.00098231
         4        99        99       611             520.714            0.500759         5.90222e-05
         4       100       100       612             543.571            0.501714         0.000954339
         4       101       101       613             280.714             0.50254         0.000826178
         4       102       102       614             566.429            0.502591         5.16285e-05
         4       103       103       615             589.286            0.503401         0.000810123
         4       104       104       616             303.571            0.504106         0.000704511
         4       105       105       617             326.429            0.505456          0.00134961
         4       106       106       618             349.286            0.506631          0.00117497
         4       107       107       619             372.143            0.507663          0.00103214
         4       108       108       620                 395            0.508577          0.00091385
         4       109       109       621             417.857            0.509391          0.00081478
         4       110       110       622             440.714            0.510122         0.000730984
         4       111       111       623             463.571            0.510782         0.000659476
         4       112       112       624             486.429             0.51138         0.000597968
         4       113       113       625             509.286            0.511924         0.000544679
         4       114       114       626             532.143            0.512423         0.000498207
         4       115       115       627                 555             0.51288         0.000457437
         4       116       116       628             577.857            0.513302         0.000421474
         4       117       117       629             200.714            0.523599           0.0102972
         4       118       118       630             360.714            0.523599                   0
         4       119       119       631             543.571            0.523599                   0
         4       120       120       632             406.429            0.523599                   0
         4       121       121       633             292.143            0.523599                   0
         4       122       122       634                 475            0.523599                   0
         4       123       123       635             520.714            0.523599                   0
         4       124       124       636                 315            0.523599                   0
         4       125       125       637             497.857            0.523599                   0
         4       126       126       638             246.429            0.523599                   0
         4       127       127       639             589.286            0.523599                   0
