 Connector   Channel  PadIndex  AbsIndex              Radius                 Phi            DeltaPhi
         8         0       127      1024             486.429            0.829074         0.000299724
         8         1       126      1025             543.571            0.829992           0.0009183
         8         2       125      1026             269.286            0.830764         0.000772172
         8         3       124      1027             326.429            0.832033          0.00126855
         8         4       123      1028             383.571            0.832912         0.000879108
         8         5       122      1029             440.714            0.833557         0.000645115
         8         6       121      1030             497.857             0.83405         0.000493563
         8         7       120      1031                 555             0.83444         0.000389797
         8         8       119      1032             566.429             0.83871          0.00426981
         8         9       118      1033             509.286            0.838805          9.5235e-05
         8        10       117      1034             452.143            0.838921         0.000115918
         8        11       116      1035                 395            0.839065         0.000143839
         8        12       115      1036             337.857            0.839247         0.000182466
         8        13       114      1037             280.714            0.839484          0.00023697
         8        14       113      1038             223.571            0.839797         0.000313111
         8        15       112      1039             166.429            0.840198         0.000400504
         8        16       111      1040             577.857            0.842812           0.0026138
         8        17       110      1041             520.714            0.843353         0.000540788
         8        18       109      1042             120.714            0.843679         0.000326542
         8        19       108      1043             463.571            0.844023         0.000343619
         8        20       107      1044             406.429            0.844875         0.000852131
         8        21       106      1045             349.286            0.845994          0.00111956
         8        22       105      1046             589.286            0.846755         0.000760959
         8        23       104      1047             292.143             0.84753         0.000774538
         8        24       103      1048             532.143            0.847706         0.000175886
         8        25       102      1049                 475            0.848881          0.00117471
         8        26       101      1050                 235            0.849764         0.000883007
         8        27       100      1051             417.857            0.850369         0.000605872
         8        28        99      1052             543.571            0.851877          0.00150765
         8        29        98      1053             360.714            0.852318          0.00044061
         8        30        97      1054             177.857            0.853301         0.000983205
         8        31        96      1055             486.429            0.853512         0.000210646
         8        32        95      1056             303.571            0.854976          0.00146448
         8        33        94      1057             429.286            0.855574         0.000597529
         8        34        93      1058                 555            0.855877         0.000303955
         8        35        92      1059             497.857            0.857931          0.00205376
         8        36        91      1060             372.143            0.858256         0.000324565
         8        37        90      1061             246.429            0.858817         0.000561157
         8        38        89      1062             566.429            0.859717         0.000900407
         8        39        88      1063             440.714             0.86051         0.000792289
         8        40        87      1064                 315            0.861887          0.00137746
         8        41        86      1065             509.286            0.862154         0.000266699
         8        42        85      1066             577.857            0.863406          0.00125237
         8        43        84      1067             383.571            0.863843         0.000436773
         8        44        83      1068             189.286            0.864847           0.0010043
         8        45        82      1069             452.143            0.865198         0.000350706
         8        46        81      1070             520.714            0.866192         0.000994175
         8        47        80      1071             589.286            0.866953         0.000760538
         8        48        79      1072             257.857            0.867077         0.000124795
         8        49        78      1073             326.429            0.868319          0.00124141
         8        50        77      1074                 395            0.869109         0.000790454
         8        51        76      1075             463.571            0.869657          0.00054732
         8        52        75      1076             532.143            0.870058         0.000401363
         8        53        74      1077             543.571            0.873762          0.00370425
         8        54        73      1078                 475            0.873902         0.000139924
         8        55        72      1079             406.429            0.874082         0.000179596
         8        56        71      1080             337.857            0.874319         0.000237687
         8        57        70      1081             269.286            0.874645         0.000325275
         8        58        69      1082             200.714            0.875098         0.000453615
         8        59        68      1083             132.143            0.875636         0.000537323
         8        60        67      1084                 555            0.877315          0.00167912
         8        61        66      1085             486.429            0.877949         0.000634684
         8        62        65      1086             417.857            0.878784         0.000834743
         8        63        64      1087             349.286            0.879931          0.00114657
         8        64        63      1088             566.429            0.880725          0.00079396
         8        65        62      1089             280.714            0.881602         0.000877685
         8        66        61      1090             497.857            0.881812         0.000209664
         8        67        60      1091             429.286            0.883238          0.00142596
         8        68        59      1092             577.857            0.884001         0.000762488
         8        69        58      1093             212.143             0.88426          0.00025961
         8        70        57      1094             360.714             0.88519         0.000929372
         8        71        56      1095             509.286            0.885502         0.000312879
         8        72        55      1096             589.286             0.88715          0.00164753
         8        73        54      1097             440.714            0.887463         0.000312556
         8        74        53      1098             292.143            0.888021           0.0005588
         8        75        52      1099             520.714            0.889032          0.00101038
         8        76        51      1100             143.571            0.889096         6.40934e-05
         8        77        50      1101             372.143            0.890128          0.00103211
         8        78        49      1102             452.143            0.891475          0.00134693
         8        79        48      1103             532.143             0.89241         0.000935407
         8        80        47      1104             223.571            0.892497         8.70426e-05
         8        81        46      1105             303.571            0.893962          0.00146427
         8        82        45      1106             383.571            0.894774         0.000812698
         8        83        44      1107             463.571            0.895291         0.000516333
         8        84        43      1108             543.571            0.895647         0.000356913
         8        85        42      1109                 555            0.898752          0.00310466
         8        86        41      1110                 475            0.898924         0.000171721
         8        87        40      1111                 395            0.899154         0.000229868
         8        88        39      1112                 315            0.899475         0.000320966
         8        89        38      1113                 235            0.899943          0.00046802
         8        90        37      1114                 155            0.900603         0.000660637
         8        91        36      1115             566.429            0.901732          0.00112883
         8        92        35      1116             486.429            0.902387         0.000655291
         8        93        34      1117             406.429            0.903289         0.000901233
         8        94        33      1118             577.857            0.904595          0.00130625
         8        95        32      1119             326.429            0.904605         1.02538e-05
         8        96        31      1120             497.857            0.905693           0.0010878
         8        97        30      1121             246.429            0.906705          0.00101225
         8        98        29      1122             417.857            0.907199         0.000493809
         8        99        28      1123             589.286            0.907347         0.000148177
         8       100        27      1124             509.286            0.908851           0.0015038
         8       101        26      1125             337.857            0.909392         0.000540495
         8       102        25      1126             166.429            0.910553          0.00116183
         8       103        24      1127             429.286            0.910903          0.00034927
         8       104        23      1128             520.714            0.911871         0.000968609
         8       105        22      1129             257.857            0.912875          0.00100338
         8       106        21      1130             349.286            0.913867         0.000992567
         8       107        20      1131             440.714            0.914415         0.000548193
         8       108        19      1132             532.143            0.914762         0.000347051
         8       109        18      1133             543.571            0.917533          0.00277027
         8       110        17      1134             452.143            0.917752         0.000218977
         8       111        16      1135             360.714            0.918061         0.000309755
         8       112        15      1136             269.286            0.918525          0.00046406
         8       113        14      1137             177.857            0.919241         0.000715787
         8       114        13      1138                 555            0.920189         0.000948195
         8       115        12      1139             463.571            0.920924         0.000735011
         8       116        11      1140             372.143               0.922           0.0010755
         8       117        10      1141             566.429             0.92274         0.000739604
         8       118         9      1142             280.714            0.923721         0.000980942
         8       119         8      1143                 475            0.923946         0.000225001
         8       120         7      1144             577.857            0.925189          0.00124381
         8       121         6      1145             383.571            0.925706         0.000516186
         8       122         5      1146             486.429            0.926825          0.00111992
         8       123         4      1147             189.286            0.926892         6.69796e-05
         8       124         3      1148             589.286            0.927545         0.000652105
         8       125         2      1149             292.143            0.928513         0.000968173
         8       126         1      1150                 395            0.929198         0.000685418
         8       127         0      1151             497.857            0.929574          0.00037577
