 Connector   Channel  PadIndex  AbsIndex              Radius                 Phi            DeltaPhi
         1         0         0       128             497.857            0.117624          0.00262577
         1         1         1       129                 395            0.117999          0.00037577
         1         2         2       130             292.143            0.118685         0.000685418
         1         3         3       131             589.286            0.119653         0.000968173
         1         4         4       132             189.286            0.120305         0.000652105
         1         5         5       133             486.429            0.120372         6.69796e-05
         1         6         6       134             383.571            0.121492          0.00111992
         1         7         7       135             577.857            0.122008         0.000516186
         1         8         8       136                 475            0.123252          0.00124381
         1         9         9       137             280.714            0.123477         0.000225001
         1        10        10       138             566.429            0.124458         0.000980942
         1        11        11       139             372.143            0.125198         0.000739604
         1        12        12       140             463.571            0.126273           0.0010755
         1        13        13       141                 555            0.127008         0.000735011
         1        14        14       142             177.857            0.127956         0.000948195
         1        15        15       143             269.286            0.128672         0.000715787
         1        16        16       144             360.714            0.129136          0.00046406
         1        17        17       145             452.143            0.129446         0.000309755
         1        18        18       146             543.571            0.129665         0.000218977
         1        19        19       147             532.143            0.132435          0.00277027
         1        20        20       148             440.714            0.132782         0.000347051
         1        21        21       149             349.286             0.13333         0.000548193
         1        22        22       150             257.857            0.134323         0.000992567
         1        23        23       151             520.714            0.135326          0.00100338
         1        24        24       152             429.286            0.136295         0.000968609
         1        25        25       153             166.429            0.136644          0.00034927
         1        26        26       154             337.857            0.137806          0.00116183
         1        27        27       155             509.286            0.138347         0.000540495
         1        28        28       156             589.286             0.13985           0.0015038
         1        29        29       157             417.857            0.139998         0.000148177
         1        30        30       158             246.429            0.140492         0.000493809
         1        31        31       159             497.857            0.141505          0.00101225
         1        32        32       160             326.429            0.142592           0.0010878
         1        33        33       161             577.857            0.142603         1.02538e-05
         1        34        34       162             406.429            0.143909          0.00130625
         1        35        35       163             486.429             0.14481         0.000901233
         1        36        36       164             566.429            0.145465         0.000655291
         1        37        37       165                 155            0.146594          0.00112883
         1        38        38       166                 235            0.147255         0.000660637
         1        39        39       167                 315            0.147723          0.00046802
         1        40        40       168                 395            0.148044         0.000320966
         1        41        41       169                 475            0.148274         0.000229868
         1        42        42       170                 555            0.148445         0.000171721
         1        43        43       171             543.571             0.15155          0.00310466
         1        44        44       172             463.571            0.151907         0.000356913
         1        45        45       173             383.571            0.152423         0.000516333
         1        46        46       174             303.571            0.153236         0.000812698
         1        47        47       175             223.571              0.1547          0.00146427
         1        48        48       176             532.143            0.154787         8.70426e-05
         1        49        49       177             452.143            0.155723         0.000935407
         1        50        50       178             372.143             0.15707          0.00134693
         1        51        51       179             143.571            0.158102          0.00103211
         1        52        52       180             520.714            0.158166         6.40934e-05
         1        53        53       181             292.143            0.159176          0.00101038
         1        54        54       182             440.714            0.159735           0.0005588
         1        55        55       183             589.286            0.160048         0.000312556
         1        56        56       184             509.286            0.161695          0.00164753
         1        57        57       185             360.714            0.162008         0.000312879
         1        58        58       186             212.143            0.162937         0.000929372
         1        59        59       187             577.857            0.163197          0.00025961
         1        60        60       188             429.286            0.163959         0.000762488
         1        61        61       189             497.857            0.165385          0.00142596
         1        62        62       190             280.714            0.165595         0.000209664
         1        63        63       191             566.429            0.166473         0.000877685
         1        64        64       192             349.286            0.167267          0.00079396
         1        65        65       193             417.857            0.168413          0.00114657
         1        66        66       194             486.429            0.169248         0.000834743
         1        67        67       195                 555            0.169883         0.000634684
         1        68        68       196             132.143            0.171562          0.00167912
         1        69        69       197             200.714            0.172099         0.000537323
         1        70        70       198             269.286            0.172553         0.000453615
         1        71        71       199             337.857            0.172878         0.000325275
         1        72        72       200             406.429            0.173116         0.000237687
         1        73        73       201                 475            0.173295         0.000179596
         1        74        74       202             543.571            0.173435         0.000139924
         1        75        75       203             532.143             0.17714          0.00370425
         1        76        76       204             463.571            0.177541         0.000401363
         1        77        77       205                 395            0.178088          0.00054732
         1        78        78       206             326.429            0.178879         0.000790454
         1        79        79       207             257.857             0.18012          0.00124141
         1        80        80       208             589.286            0.180245         0.000124795
         1        81        81       209             520.714            0.181005         0.000760538
         1        82        82       210             452.143               0.182         0.000994175
         1        83        83       211             189.286             0.18235         0.000350706
         1        84        84       212             383.571            0.183355           0.0010043
         1        85        85       213             577.857            0.183791         0.000436773
         1        86        86       214             509.286            0.185044          0.00125237
         1        87        87       215                 315             0.18531         0.000266699
         1        88        88       216             440.714            0.186688          0.00137746
         1        89        89       217             566.429             0.18748         0.000792289
         1        90        90       218             246.429            0.188381         0.000900407
         1        91        91       219             372.143            0.188942         0.000561157
         1        92        92       220             497.857            0.189266         0.000324565
         1        93        93       221                 555             0.19132          0.00205376
         1        94        94       222             429.286            0.191624         0.000303955
         1        95        95       223             303.571            0.192222         0.000597529
         1        96        96       224             486.429            0.193686          0.00146448
         1        97        97       225             177.857            0.193897         0.000210646
         1        98        98       226             360.714             0.19488         0.000983205
         1        99        99       227             543.571            0.195321          0.00044061
         1       100       100       228             417.857            0.196828          0.00150765
         1       101       101       229                 235            0.197434         0.000605872
         1       102       102       230                 475            0.198317         0.000883007
         1       103       103       231             532.143            0.199492          0.00117471
         1       104       104       232             292.143            0.199668         0.000175886
         1       105       105       233             589.286            0.200442         0.000774538
         1       106       106       234             349.286            0.201203         0.000760959
         1       107       107       235             406.429            0.202323          0.00111956
         1       108       108       236             463.571            0.203175         0.000852131
         1       109       109       237             120.714            0.203518         0.000343619
         1       110       110       238             520.714            0.203845         0.000326542
         1       111       111       239             577.857            0.204386         0.000540788
         1       112       112       240             166.429               0.207           0.0026138
         1       113       113       241             223.571              0.2074         0.000400504
         1       114       114       242             280.714            0.207713         0.000313111
         1       115       115       243             337.857             0.20795          0.00023697
         1       116       116       244                 395            0.208133         0.000182466
         1       117       117       245             452.143            0.208276         0.000143839
         1       118       118       246             509.286            0.208392         0.000115918
         1       119       119       247             566.429            0.208488          9.5235e-05
         1       120       120       248                 555            0.212757          0.00426981
         1       121       121       249             497.857            0.213147         0.000389797
         1       122       122       250             440.714            0.213641         0.000493563
         1       123       123       251             383.571            0.214286         0.000645115
         1       124       124       252             326.429            0.215165         0.000879108
         1       125       125       253             269.286            0.216434          0.00126855
         1       126       126       254             543.571            0.217206         0.000772172
         1       127       127       255             486.429            0.218124           0.0009183
