 Connector   Channel  PadIndex  AbsIndex              Radius                 Phi            DeltaPhi
         3         0         0       384             143.571            0.320545          0.00060079
         3         1         1       385             292.143            0.321142         0.000596927
         3         2         2       386             440.714            0.321452         0.000310444
         3         3         3       387             589.286            0.321626         0.000173642
         3         4         4       388                 475            0.323425           0.0017995
         3         5         5       389             326.429            0.324024         0.000598582
         3         6         6       390             509.286            0.325135          0.00111151
         3         7         7       391             177.857            0.325778         0.000642039
         3         8         8       392             360.714            0.326367         0.000589923
         3         9         9       393             543.571            0.326632         0.000264366
         3        10        10       394             577.857            0.327952          0.00132028
         3        11        11       395                 395             0.32831         0.000358109
         3        12        12       396             212.143            0.329396          0.00108628
         3        13        13       397             429.286            0.329947          0.00055036
         3        14        14       398             463.571            0.331344          0.00139755
         3        15        15       399             246.429            0.332046         0.000701134
         3        16        16       400             497.857            0.332552         0.000506127
         3        17        17       401             532.143            0.333605          0.00105334
         3        18        18       402             280.714            0.334067         0.000462419
         3        19        19       403             566.429            0.334532         0.000464657
         3        20        20       404                 315            0.335661          0.00112874
         3        21        21       405             349.286            0.336949          0.00128785
         3        22        22       406             383.571            0.338011          0.00106238
         3        23        23       407             417.857            0.338902         0.000891293
         3        24        24       408             452.143            0.339661         0.000758416
         3        25        25       409             486.429            0.340314          0.00065317
         3        26        26       410             520.714            0.340882         0.000568395
         3        27        27       411                 555            0.341381         0.000499109
         3        28        28       412             589.286            0.341823         0.000441757
         3        29        29       413             132.143             0.34758          0.00575714
         3        30        30       414             166.429             0.34771         0.000130004
         3        31        31       415             200.714            0.347849         0.000138658
         3        32        32       416                 235            0.347972         0.000122621
         3        33        33       417             269.286            0.348076         0.000104186
         3        34        34       418             303.571            0.348164         8.79924e-05
         3        35        35       419             337.857            0.348238          7.4645e-05
         3        36        36       420             372.143            0.348302         6.38157e-05
         3        37        37       421             406.429            0.348357          5.5028e-05
         3        38        38       422             440.714            0.348405         4.78528e-05
         3        39        39       423                 475            0.348447         4.19453e-05
         3        40        40       424             509.286            0.348484         3.70376e-05
         3        41        41       425             543.571            0.348517         3.29243e-05
         3        42        42       426             577.857            0.348546         2.94475e-05
         3        43        43       427             566.429            0.355539          0.00699301
         3        44        44       428             532.143            0.355957         0.000417722
         3        45        45       429             497.857            0.356433         0.000475342
         3        46        46       430             463.571            0.356978         0.000545766
         3        47        47       431             429.286            0.357611          0.00063309
         3        48        48       432                 395            0.358355          0.00074319
         3        49        49       433             360.714            0.359239         0.000884739
         3        50        50       434             326.429             0.36031          0.00107097
         3        51        51       435             292.143            0.361633           0.0013229
         3        52        52       436             589.286             0.36202         0.000387269
         3        53        53       437                 555            0.362819          0.00079829
         3        54        54       438             257.857            0.363309         0.000489958
         3        55        55       439             520.714            0.363722         0.000413155
         3        56        56       440             486.429            0.364752          0.00103003
         3        57        57       441             223.571            0.365499         0.000747518
         3        58        58       442             452.143            0.365938         0.000438193
         3        59        59       443             417.857            0.367317          0.00137956
         3        60        60       444             189.286            0.368486          0.00116866
         3        61        61       445             383.571            0.368942         0.000456501
         3        62        62       446             577.857            0.369141         0.000198533
         3        63        63       447             543.571            0.370402          0.00126138
         3        64        64       448             349.286            0.370885         0.000482799
         3        65        65       449             509.286            0.371833         0.000947681
         3        66        66       450                 155            0.372797         0.000964215
         3        67        67       451                 315            0.373248         0.000451463
         3        68        68       452                 475            0.373469         0.000220334
         3        69        69       453             440.714            0.375358          0.00188925
         3        70        70       454             280.714            0.376185         0.000827504
         3        71        71       455             566.429            0.376547           0.0003614
         3        72        72       456             406.429            0.377564          0.00101729
         3        73        73       457             532.143            0.378309         0.000745228
         3        74        74       458             246.429            0.379934          0.00162443
         3        75        75       459             372.143            0.380174         0.000240496
         3        76        76       460             497.857            0.380313         0.000139099
         3        77        77       461             589.286            0.382218          0.00190432
         3        78        78       462             463.571            0.382612         0.000394473
         3        79        79       463             337.857             0.38331         0.000698264
         3        80        80       464                 555            0.384256           0.0009456
         3        81        81       465             212.143            0.384883         0.000626756
         3        82        82       466             429.286            0.385276         0.000393114
         3        83        83       467             520.714            0.386561          0.00128547
         3        84        84       468             303.571            0.387149         0.000587904
         3        85        85       469                 395            0.388399          0.00124966
         3        86        86       470             486.429             0.38919         0.000790892
         3        87        87       471             577.857            0.389735          0.00054537
         3        88        88       472             177.857            0.391718          0.00198269
         3        89        89       473             269.286            0.391957         0.000238596
         3        90        90       474             360.714            0.392111         0.000154687
         3        91        91       475             452.143            0.392214         0.000103252
         3        92        92       476             543.571            0.392287         7.29924e-05
         3        93        93       477             509.286            0.395181          0.00289388
         3        94        94       478             417.857            0.395732         0.000550659
         3        95        95       479             326.429            0.396597         0.000864621
         3        96        96       480             566.429            0.397554         0.000957676
         3        97        97       481                 235            0.398151         0.000596488
         3        98        98       482                 475             0.39849         0.000339618
         3        99        99       483             383.571            0.399874          0.00138321
         3       100       100       484             532.143            0.400662         0.000788004
         3       101       101       485             143.571            0.401766          0.00110481
         3       102       102       486             292.143            0.402125         0.000358156
         3       103       103       487             440.714            0.402311         0.000186267
         3       104       104       488             589.286            0.402415         0.000104185
         3       105       105       489             497.857            0.404194          0.00177928
         3       106       106       490             349.286            0.404821         0.000627103
         3       107       107       491                 555            0.405693         0.000872001
         3       108       108       492             200.714            0.406432         0.000738814
         3       109       109       493             406.429            0.406771         0.000338859
         3       110       110       494             463.571            0.408246          0.00147504
         3       111       111       495             257.857            0.409106         0.000859729
         3       112       112       496             520.714            0.409401         0.000295111
         3       113       113       497             577.857             0.41033         0.000928652
         3       114       114       498                 315            0.410836         0.000506357
         3       115       115       499             372.143            0.412046          0.00121044
         3       116       116       500             429.286            0.412941         0.000894093
         3       117       117       501             486.429            0.413628         0.000687335
         3       118       118       502             543.571            0.414173         0.000544821
         3       119       119       503             120.714            0.416905          0.00273264
         3       120       120       504             166.429            0.418066          0.00116038
         3       121       121       505             223.571            0.418199         0.000133501
         3       122       122       506             280.714            0.418304          0.00010437
         3       123       123       507             337.857            0.418383           7.899e-05
         3       124       124       508                 395            0.418443          6.0822e-05
         3       125       125       509             452.143            0.418491         4.79463e-05
         3       126       126       510             509.286             0.41853         3.86394e-05
         3       127       127       511             566.429            0.418562          3.1745e-05
