 Connector   Channel  PadIndex  AbsIndex              Radius                 Phi            DeltaPhi
         0         0         0         0             589.286           0.0186666
         0         1         1         1             577.857           0.0190363         0.000369695
         0         2         2         2             566.429           0.0194209         0.000384633
         0         3         3         3                 555           0.0198214         0.000400495
         0         4         4         4             543.571           0.0202388         0.000417359
         0         5         5         5             532.143           0.0206741         0.000435311
         0         6         6         6             520.714           0.0211285         0.000454447
         0         7         7         7             509.286           0.0216034         0.000474873
         0         8         8         8             497.857           0.0221001         0.000496707
         0         9         9         9             486.429           0.0226202         0.000520082
         0        10        10        10                 475           0.0231653         0.000545147
         0        11        11        11             463.571           0.0237374         0.000572069
         0        12        12        12             452.143           0.0243384         0.000601035
         0        13        13        13             440.714           0.0249707         0.000632258
         0        14        14        14             429.286           0.0256367         0.000665978
         0        15        15        15             417.857           0.0263391         0.000702469
         0        16        16        16             406.429           0.0270812         0.000742043
         0        17        17        17                 395           0.0278662         0.000785058
         0        18        18        18             383.571           0.0286982         0.000831924
         0        19        19        19             372.143           0.0295813         0.000883114
         0        20        20        20             360.714           0.0305205         0.000939179
         0        21        21        21             349.286           0.0315212          0.00100076
         0        22        22        22             337.857           0.0325898          0.00106859
         0        23        23        23             326.429           0.0337334          0.00114357
         0        24        24        24                 315           0.0349601          0.00122671
         0        25        25        25             303.571           0.0362793          0.00131927
         0        26        26        26             292.143           0.0377021          0.00142271
         0        27        27        27             589.286           0.0388639          0.00116181
         0        28        28        28             280.714           0.0392409         0.000376995
         0        29        29        29             577.857           0.0396307           0.0003898
         0        30        30        30             566.429           0.0404283         0.000797656
         0        31        31        31             269.286           0.0409106         0.000482249
         0        32        32        32                 555           0.0412587         0.000348171
         0        33        33        33             543.571            0.042124         0.000865242
         0        34        34        34             257.857           0.0427286         0.000604632
         0        35        35        35             532.143           0.0430263         0.000297671
         0        36        36        36             520.714           0.0439681         0.000941795
         0        37        37        37             246.429           0.0447157         0.000747595
         0        38        38        38             509.286            0.044952         0.000236343
         0        39        39        39             497.857            0.045981          0.00102897
         0        40        40        40                 235           0.0468964         0.000915464
         0        41        41        41             486.429           0.0470582          0.00016171
         0        42        42        42                 475            0.048187          0.00112884
         0        43        43        43             223.571           0.0493007          0.00111371
         0        44        44        44             463.571           0.0493713         7.06001e-05
         0        45        45        45             452.143           0.0506153          0.00124398
         0        46        46        46             440.714           0.0519236          0.00130827
         0        47        47        47             212.143           0.0519646         4.10806e-05
         0        48        48        48             429.286           0.0533012          0.00133659
         0        49        49        49             417.857            0.054754          0.00145274
         0        50        50        50             200.714           0.0549327         0.000178687
         0        51        51        51             406.429           0.0562881          0.00135544
         0        52        52        52                 395           0.0579106          0.00162254
         0        53        53        53             189.286           0.0582599         0.000349312
         0        54        54        54             589.286           0.0590612         0.000801209
         0        55        55        55             383.571           0.0596294         0.000568296
         0        56        56        56             577.857            0.060225         0.000595599
         0        57        57        57             566.429           0.0614357          0.00121068
         0        58        58        58             372.143           0.0614534         1.76438e-05
         0        59        59        59             177.857           0.0620159         0.000562482
         0        60        60        60                 555           0.0626961         0.000680217
         0        61        61        61             360.714           0.0633923         0.000696271
         0        62        62        62             543.571           0.0640092         0.000616855
         0        63        63        63             532.143           0.0653785          0.00136929
         0        64        64        64             349.286           0.0654576          7.9103e-05
         0        65        65        65             166.429           0.0662888         0.000831211
         0        66        66        66             520.714           0.0668076          0.00051883
         0        67        67        67             337.857           0.0676619         0.000854237
         0        68        68        68             509.286           0.0683006         0.000638766
         0        69        69        69             497.857           0.0698619          0.00156124
         0        70        70        70             326.429           0.0700197         0.000157815
         0        71        71        71                 155           0.0711933          0.00117359
         0        72        72        72             486.429           0.0714961         0.000302859
         0        73        73        73                 315           0.0725477          0.00105153
         0        74        74        74                 475           0.0732087         0.000661001
         0        75        75        75             463.571           0.0750052          0.00179656
         0        76        76        76             303.571           0.0752649         0.000259673
         0        77        77        77             143.571           0.0768802          0.00161531
         0        78        78        78             452.143           0.0768922         1.19419e-05
         0        79        79        79             292.143           0.0781934           0.0013013
         0        80        80        80             440.714           0.0788764         0.000682978
         0        81        81        81             589.286           0.0792584         0.000382013
         0        82        82        82             577.857           0.0808194          0.00156099
         0        83        83        83             429.286           0.0809658         0.000146355
         0        84        84        84             280.714           0.0813589         0.000393149
         0        85        85        85             566.429           0.0824431           0.0010842
         0        86        86        86             417.857           0.0831688          0.00072567
         0        87        87        87             132.143           0.0835526         0.000383829
         0        88        88        88                 555           0.0841334         0.000580768
         0        89        89        89             269.286           0.0847913         0.000657906
         0        90        90        90             406.429            0.085495         0.000703703
         0        91        91        91             543.571           0.0858944           0.0003994
         0        92        92        92             532.143           0.0877307          0.00183628
         0        93        93        93                 395            0.087955         0.000224331
         0        94        94        94             257.857           0.0885258         0.000570739
         0        95        95        95             520.714           0.0896472          0.00112142
         0        96        96        96             383.571           0.0905607         0.000913547
         0        97        97        97             509.286           0.0916493          0.00108852
         0        98        98        98             246.429            0.092604         0.000954722
         0        99        99        99             372.143           0.0933255         0.000721487
         0       100       100       100             497.857           0.0937428         0.000417298
         0       101       101       101             486.429           0.0959341          0.00219135
         0       102       102       102             360.714           0.0962642         0.000330108
         0       103       103       103             120.714            0.096825         0.000560757
         0       104       104       104                 235           0.0970756         0.000250657
         0       105       105       105                 475           0.0982303           0.0011547
         0       106       106       106             349.286            0.099394          0.00116363
         0       107       107       107             589.286           0.0994557         6.17528e-05
         0       108       108       108             463.571            0.100639          0.00118342
         0       109       109       109             577.857            0.101414         0.000774676
         0       110       110       110             223.571               0.102         0.000586675
         0       111       111       111             337.857            0.102734         0.000733441
         0       112       112       112             452.143            0.103169         0.000435073
         0       113       113       113             566.429            0.103451         0.000281538
         0       114       114       114                 555            0.105571          0.00212019
         0       115       115       115             440.714            0.105829         0.000258557
         0       116       116       116             326.429            0.106306         0.000476721
         0       117       117       117             212.143            0.107451          0.00114499
         0       118       118       118             543.571             0.10778         0.000328623
         0       119       119       119             429.286             0.10863          0.00085072
         0       120       120       120             532.143            0.110083          0.00145256
         0       121       121       121                 315            0.110135         5.23561e-05
         0       122       122       122             417.857            0.111584          0.00144838
         0       123       123       123             520.714            0.112487         0.000903101
         0       124       124       124             200.714            0.113516          0.00102918
         0       125       125       125             303.571             0.11425         0.000734534
         0       126       126       126             406.429            0.114702         0.000451474
         0       127       127       127             509.286            0.114998          0.00029595
