 Connector   Channel  PadIndex  AbsIndex              Radius                 Phi            DeltaPhi
         2         0         0       256             212.143            0.218424         0.000299724
         2         1         1       257             429.286            0.219289         0.000864852
         2         2         2       258             589.286            0.220639          0.00135086
         2         3         3       259             372.143            0.220814         0.000174399
         2         4         4       260             532.143            0.221844           0.0010301
         2         5         5       261                 155            0.221995         0.000151161
         2         6         6       262                 315            0.222898         0.000902926
         2         7         7       263                 475            0.223339         0.000440668
         2         8         8       264             577.857             0.22498          0.00164144
         2         9         9       265             417.857            0.225243         0.000262841
         2        10        10       266             257.857            0.225917         0.000674252
         2        11        11       267             520.714            0.226685         0.000767288
         2        12        12       268             360.714            0.227752          0.00106725
         2        13        13       269             463.571            0.228809          0.00105695
         2        14        14       270             566.429            0.229495         0.000686286
         2        15        15       271             200.714            0.230682          0.00118744
         2        16        16       272             303.571            0.231207         0.000524667
         2        17        17       273             406.429             0.23153         0.000322481
         2        18        18       274             509.286            0.231741         0.000211393
         2        19        19       275                 555            0.234195          0.00245376
         2        20        20       276             452.143            0.234553         0.000358562
         2        21        21       277             349.286             0.23514         0.000586199
         2        22        22       278             246.429            0.236269           0.0011294
         2        23        23       279             497.857            0.237028          0.00075919
         2        24        24       280                 395            0.238177          0.00114891
         2        25        25       281             543.571            0.239091          0.00091393
         2        26        26       282             143.571            0.239323         0.000232385
         2        27        27       283             292.143            0.240159         0.000835698
         2        28        28       284             440.714            0.240594         0.000434622
         2        29        29       285             589.286            0.240837         0.000243099
         2        30        30       286             486.429            0.242562          0.00172526
         2        31        31       287             337.857            0.243022         0.000460215
         2        32        32       288             532.143            0.244196          0.00117394
         2        33        33       289             189.286            0.244395         0.000199315
         2        34        34       290             383.571            0.245217         0.000821702
         2        35        35       291             577.857            0.245575         0.000357359
         2        36        36       292             429.286            0.246953          0.00137862
         2        37        37       293                 235            0.247613          0.00066006
         2        38        38       294                 475             0.24836          0.00074716
         2        39        39       295             520.714            0.249524          0.00116371
         2        40        40       296             280.714            0.249831         0.000307168
         2        41        41       297             566.429            0.250502         0.000671171
         2        42        42       298             326.429            0.251451         0.000948897
         2        43        43       299             372.143            0.252686          0.00123463
         2        44        44       300             417.857            0.253658         0.000971876
         2        45        45       301             463.571            0.254443          0.00078482
         2        46        46       302             509.286             0.25509         0.000646968
         2        47        47       303                 555            0.255632          0.00054247
         2        48        48       304             132.143            0.259571          0.00393901
         2        49        49       305             177.857            0.259837         0.000266013
         2        50        50       306             223.571              0.2601         0.000262746
         2        51        51       307             269.286            0.260314         0.000214445
         2        52        52       308                 315            0.260486         0.000171335
         2        53        53       309             360.714            0.260624         0.000138039
         2        54        54       310             406.429            0.260737         0.000112848
         2        55        55       311             452.143             0.26083         9.36551e-05
         2        56        56       312             497.857            0.260909         7.88185e-05
         2        57        57       313             543.571            0.260976         6.71664e-05
         2        58        58       314             589.286            0.261034         5.78739e-05
         2        59        59       315             577.857            0.266169          0.00513489
         2        60        60       316             532.143            0.266548         0.000379444
         2        61        61       317             486.429               0.267         0.000451612
         2        62        62       318             440.714            0.267547         0.000546532
         2        63        63       319                 395            0.268221         0.000674892
         2        64        64       320             349.286            0.269076         0.000854489
         2        65        65       321             303.571            0.270193          0.00111678
         2        66        66       322             566.429             0.27151          0.00131717
         2        67        67       323             257.857            0.271714         0.000204563
         2        68        68       324             520.714            0.272364         0.000649244
         2        69        69       325                 475            0.273382           0.0010184
         2        70        70       326             212.143             0.27391         0.000528063
         2        71        71       327             429.286            0.274618         0.000707606
         2        72        72       328             383.571            0.276148          0.00153075
         2        73        73       329                 555            0.277069         0.000920954
         2        74        74       330             166.429            0.277355         0.000285523
         2        75        75       331             337.857            0.278094         0.000739344
         2        76        76       332             509.286            0.278438         0.000343951
         2        77        77       333             463.571            0.280077          0.00163833
         2        78        78       334             292.143             0.28065         0.000573851
         2        79        79       335             589.286            0.281231         0.000580904
         2        80        80       336             417.857            0.282073         0.000841344
         2        81        81       337             543.571            0.282861         0.000788712
         2        82        82       338             246.429            0.284157          0.00129585
         2        83        83       339             372.143            0.284558         0.000400826
         2        84        84       340             497.857             0.28479         0.000231832
         2        85        85       341             577.857            0.286763          0.00197343
         2        86        86       342             452.143            0.287107         0.000343719
         2        87        87       343             326.429            0.287738         0.000630618
         2        88        88       344             532.143            0.288901          0.00116293
         2        89        89       345             200.714            0.289266         0.000365137
         2        90        90       346             406.429            0.289943         0.000677718
         2        91        91       347             486.429            0.291438          0.00149453
         2        92        92       348             280.714            0.291949         0.000511374
         2        93        93       349             566.429            0.292517         0.000567914
         2        94        94       350             360.714            0.293496         0.000978307
         2        95        95       351             440.714            0.294499          0.00100383
         2        96        96       352             520.714            0.295203         0.000703819
         2        97        97       353                 155            0.297396          0.00219282
         2        98        98       354                 235            0.297792         0.000396382
         2        99        99       355                 315            0.298073         0.000280812
         2       100       100       356                 395            0.298266          0.00019258
         2       101       101       357                 475            0.298404         0.000137921
         2       102       102       358                 555            0.298507         0.000103033
         2       103       103       359             589.286            0.301429          0.00292185
         2       104       104       360             509.286            0.301787         0.000358253
         2       105       105       361             429.286            0.302282         0.000495421
         2       106       106       362             349.286            0.303012         0.000729997
         2       107       107       363             269.286            0.304195          0.00118276
         2       108       108       364             543.571            0.304747         0.000551551
         2       109       109       365             463.571             0.30571         0.000963888
         2       110       110       366             189.286            0.306441         0.000730172
         2       111       111       367             383.571             0.30708         0.000639102
         2       112       112       368             577.857            0.307358         0.000277946
         2       113       113       369             497.857            0.308671          0.00131307
         2       114       114       370             303.571            0.309178         0.000507457
         2       115       115       371             120.714            0.310212          0.00103365
         2       116       116       372             417.857            0.310488         0.000275621
         2       117       117       373             532.143            0.311253         0.000765288
         2       118       118       374             223.571              0.3128          0.00154685
         2       119       119       375             337.857            0.313166         0.000366721
         2       120       120       376             452.143            0.313384         0.000217537
         2       121       121       377             566.429            0.313525         0.000140769
         2       122       122       378             486.429            0.315876          0.00235128
         2       123       123       379             372.143             0.31643         0.000554203
         2       124       124       380             257.857            0.317512          0.00108142
         2       125       125       381             520.714            0.318043           0.0005312
         2       126       126       382             406.429             0.31915          0.00110759
         2       127       127       383                 555            0.319944         0.000793739
