 Connector   Channel  PadIndex  AbsIndex              Radius                 Phi            DeltaPhi
         6         0       127       768             566.429            0.628636          0.00405062
         6         1       126       769             509.286            0.628668          3.1745e-05
         6         2       125       770             452.143            0.628706         3.86394e-05
         6         3       124       771                 395            0.628754         4.79463e-05
         6         4       123       772             337.857            0.628815          6.0822e-05
         6         5       122       773             280.714            0.628894           7.899e-05
         6         6       121       774             223.571            0.628998          0.00010437
         6         7       120       775             166.429            0.629132         0.000133501
         6         8       119       776             120.714            0.630292          0.00116038
         6         9       118       777             543.571            0.633025          0.00273264
         6        10       117       778             486.429             0.63357         0.000544821
         6        11       116       779             429.286            0.634257         0.000687335
         6        12       115       780             372.143            0.635151         0.000894093
         6        13       114       781                 315            0.636362          0.00121044
         6        14       113       782             577.857            0.636868         0.000506357
         6        15       112       783             520.714            0.637797         0.000928652
         6        16       111       784             257.857            0.638092         0.000295111
         6        17       110       785             463.571            0.638951         0.000859729
         6        18       109       786             406.429            0.640426          0.00147504
         6        19       108       787             200.714            0.640765         0.000338859
         6        20       107       788                 555            0.641504         0.000738814
         6        21       106       789             349.286            0.642376         0.000872001
         6        22       105       790             497.857            0.643003         0.000627103
         6        23       104       791             589.286            0.644783          0.00177928
         6        24       103       792             440.714            0.644887         0.000104185
         6        25       102       793             292.143            0.645073         0.000186267
         6        26       101       794             143.571            0.645431         0.000358156
         6        27       100       795             532.143            0.646536          0.00110481
         6        28        99       796             383.571            0.647324         0.000788004
         6        29        98       797                 475            0.648707          0.00138321
         6        30        97       798                 235            0.649047         0.000339618
         6        31        96       799             566.429            0.649643         0.000596488
         6        32        95       800             326.429            0.650601         0.000957676
         6        33        94       801             417.857            0.651466         0.000864621
         6        34        93       802             509.286            0.652016         0.000550659
         6        35        92       803             543.571             0.65491          0.00289388
         6        36        91       804             452.143            0.654983         7.29924e-05
         6        37        90       805             360.714            0.655086         0.000103252
         6        38        89       806             269.286            0.655241         0.000154687
         6        39        88       807             177.857             0.65548         0.000238596
         6        40        87       808             577.857            0.657462          0.00198269
         6        41        86       809             486.429            0.658008          0.00054537
         6        42        85       810                 395            0.658799         0.000790892
         6        43        84       811             303.571            0.660048          0.00124966
         6        44        83       812             520.714            0.660636         0.000587904
         6        45        82       813             429.286            0.661922          0.00128547
         6        46        81       814             212.143            0.662315         0.000393114
         6        47        80       815                 555            0.662941         0.000626756
         6        48        79       816             337.857            0.663887           0.0009456
         6        49        78       817             463.571            0.664585         0.000698264
         6        50        77       818             589.286             0.66498         0.000394473
         6        51        76       819             497.857            0.666884          0.00190432
         6        52        75       820             372.143            0.667023         0.000139099
         6        53        74       821             246.429            0.667264         0.000240496
         6        54        73       822             532.143            0.668888          0.00162443
         6        55        72       823             406.429            0.669633         0.000745228
         6        56        71       824             566.429            0.670651          0.00101729
         6        57        70       825             280.714            0.671012           0.0003614
         6        58        69       826             440.714             0.67184         0.000827504
         6        59        68       827                 475            0.673729          0.00188925
         6        60        67       828                 315            0.673949         0.000220334
         6        61        66       829                 155            0.674401         0.000451463
         6        62        65       830             509.286            0.675365         0.000964215
         6        63        64       831             349.286            0.676313         0.000947681
         6        64        63       832             543.571            0.676795         0.000482799
         6        65        62       833             577.857            0.678057          0.00126138
         6        66        61       834             383.571            0.678255         0.000198533
         6        67        60       835             189.286            0.678712         0.000456501
         6        68        59       836             417.857             0.67988          0.00116866
         6        69        58       837             452.143             0.68126          0.00137956
         6        70        57       838             223.571            0.681698         0.000438193
         6        71        56       839             486.429            0.682446         0.000747518
         6        72        55       840             520.714            0.683476          0.00103003
         6        73        54       841             257.857            0.683889         0.000413155
         6        74        53       842                 555            0.684379         0.000489958
         6        75        52       843             589.286            0.685177          0.00079829
         6        76        51       844             292.143            0.685564         0.000387269
         6        77        50       845             326.429            0.686887           0.0013229
         6        78        49       846             360.714            0.687958          0.00107097
         6        79        48       847                 395            0.688843         0.000884739
         6        80        47       848             429.286            0.689586          0.00074319
         6        81        46       849             463.571            0.690219          0.00063309
         6        82        45       850             497.857            0.690765         0.000545766
         6        83        44       851             532.143             0.69124         0.000475342
         6        84        43       852             566.429            0.691658         0.000417722
         6        85        42       853             577.857            0.698651          0.00699301
         6        86        41       854             543.571            0.698681         2.94475e-05
         6        87        40       855             509.286            0.698713         3.29243e-05
         6        88        39       856                 475             0.69875         3.70376e-05
         6        89        38       857             440.714            0.698792         4.19453e-05
         6        90        37       858             406.429             0.69884         4.78528e-05
         6        91        36       859             372.143            0.698895          5.5028e-05
         6        92        35       860             337.857            0.698959         6.38157e-05
         6        93        34       861             303.571            0.699034          7.4645e-05
         6        94        33       862             269.286            0.699122         8.79924e-05
         6        95        32       863                 235            0.699226         0.000104186
         6        96        31       864             200.714            0.699349         0.000122621
         6        97        30       865             166.429            0.699487         0.000138657
         6        98        29       866             132.143            0.699617         0.000130004
         6        99        28       867             589.286            0.705374          0.00575714
         6       100        27       868                 555            0.705816         0.000441757
         6       101        26       869             520.714            0.706315         0.000499109
         6       102        25       870             486.429            0.706884         0.000568395
         6       103        24       871             452.143            0.707537          0.00065317
         6       104        23       872             417.857            0.708295         0.000758416
         6       105        22       873             383.571            0.709187         0.000891293
         6       106        21       874             349.286            0.710249          0.00106238
         6       107        20       875                 315            0.711537          0.00128785
         6       108        19       876             566.429            0.712665          0.00112874
         6       109        18       877             280.714             0.71313         0.000464657
         6       110        17       878             532.143            0.713593         0.000462419
         6       111        16       879             497.857            0.714646          0.00105334
         6       112        15       880             246.429            0.715152         0.000506127
         6       113        14       881             463.571            0.715853         0.000701134
         6       114        13       882             429.286            0.717251          0.00139755
         6       115        12       883             212.143            0.717801          0.00055036
         6       116        11       884                 395            0.718887          0.00108628
         6       117        10       885             577.857            0.719245         0.000358109
         6       118         9       886             543.571            0.720566          0.00132028
         6       119         8       887             360.714             0.72083         0.000264366
         6       120         7       888             177.857             0.72142         0.000589923
         6       121         6       889             509.286            0.722062         0.000642039
         6       122         5       890             326.429            0.723174          0.00111151
         6       123         4       891                 475            0.723772         0.000598582
         6       124         3       892             589.286            0.725572           0.0017995
         6       125         2       893             440.714            0.725745         0.000173642
         6       126         1       894             292.143            0.726056         0.000310444
         6       127         0       895             143.571            0.726653         0.000596927
