 Connector   Channel  PadIndex  AbsIndex              Radius                 Phi            DeltaPhi
         7         0       127       896                 555            0.727253          0.00060079
         7         1       126       897             406.429            0.728047         0.000793739
         7         2       125       898             520.714            0.729155          0.00110759
         7         3       124       899             257.857            0.729686           0.0005312
         7         4       123       900             372.143            0.730767          0.00108142
         7         5       122       901             486.429            0.731322         0.000554203
         7         6       121       902             566.429            0.733673          0.00235128
         7         7       120       903             452.143            0.733814         0.000140769
         7         8       119       904             337.857            0.734031         0.000217537
         7         9       118       905             223.571            0.734398         0.000366721
         7        10       117       906             532.143            0.735945          0.00154685
         7        11       116       907             417.857             0.73671         0.000765288
         7        12       115       908             120.714            0.736986         0.000275621
         7        13       114       909             303.571            0.738019          0.00103365
         7        14       113       910             497.857            0.738527         0.000507457
         7        15       112       911             577.857             0.73984          0.00131307
         7        16       111       912             383.571            0.740118         0.000277946
         7        17       110       913             189.286            0.740757         0.000639102
         7        18       109       914             463.571            0.741487         0.000730172
         7        19       108       915             543.571            0.742451         0.000963888
         7        20       107       916             269.286            0.743003         0.000551551
         7        21       106       917             349.286            0.744185          0.00118276
         7        22       105       918             429.286            0.744915         0.000729997
         7        23       104       919             509.286            0.745411         0.000495421
         7        24       103       920             589.286            0.745769         0.000358253
         7        25       102       921                 555            0.748691          0.00292185
         7        26       101       922                 475            0.748794         0.000103033
         7        27       100       923                 395            0.748932         0.000137921
         7        28        99       924                 315            0.749124          0.00019258
         7        29        98       925                 235            0.749405         0.000280812
         7        30        97       926                 155            0.749802         0.000396382
         7        31        96       927             520.714            0.751994          0.00219282
         7        32        95       928             440.714            0.752698         0.000703819
         7        33        94       929             360.714            0.753702          0.00100383
         7        34        93       930             566.429             0.75468         0.000978307
         7        35        92       931             280.714            0.755248         0.000567914
         7        36        91       932             486.429             0.75576         0.000511374
         7        37        90       933             406.429            0.757254          0.00149453
         7        38        89       934             200.714            0.757932         0.000677718
         7        39        88       935             532.143            0.758297         0.000365137
         7        40        87       936             326.429             0.75946          0.00116293
         7        41        86       937             452.143            0.760091         0.000630618
         7        42        85       938             577.857            0.760434         0.000343719
         7        43        84       939             497.857            0.762408          0.00197343
         7        44        83       940             372.143             0.76264         0.000231832
         7        45        82       941             246.429             0.76304         0.000400826
         7        46        81       942             543.571            0.764336          0.00129585
         7        47        80       943             417.857            0.765125         0.000788712
         7        48        79       944             589.286            0.765966         0.000841344
         7        49        78       945             292.143            0.766547         0.000580904
         7        50        77       946             463.571            0.767121         0.000573851
         7        51        76       947             509.286            0.768759          0.00163833
         7        52        75       948             337.857            0.769103         0.000343951
         7        53        74       949             166.429            0.769843         0.000739344
         7        54        73       950                 555            0.770128         0.000285523
         7        55        72       951             383.571            0.771049         0.000920954
         7        56        71       952             429.286             0.77258          0.00153075
         7        57        70       953             212.143            0.773287         0.000707606
         7        58        69       954                 475            0.773816         0.000528063
         7        59        68       955             520.714            0.774834           0.0010184
         7        60        67       956             257.857            0.775483         0.000649244
         7        61        66       957             566.429            0.775688         0.000204563
         7        62        65       958             303.571            0.777005          0.00131717
         7        63        64       959             349.286            0.778122          0.00111678
         7        64        63       960                 395            0.778976         0.000854489
         7        65        62       961             440.714            0.779651         0.000674892
         7        66        61       962             486.429            0.780198         0.000546532
         7        67        60       963             532.143            0.780649         0.000451612
         7        68        59       964             577.857            0.781029         0.000379444
         7        69        58       965             589.286            0.786164          0.00513489
         7        70        57       966             543.571            0.786221         5.78739e-05
         7        71        56       967             497.857            0.786289         6.71664e-05
         7        72        55       968             452.143            0.786367         7.88185e-05
         7        73        54       969             406.429            0.786461         9.36551e-05
         7        74        53       970             360.714            0.786574         0.000112848
         7        75        52       971                 315            0.786712         0.000138039
         7        76        51       972             269.286            0.786883         0.000171335
         7        77        50       973             223.571            0.787098         0.000214445
         7        78        49       974             177.857             0.78736         0.000262746
         7        79        48       975             132.143            0.787626         0.000266013
         7        80        47       976                 555            0.791565          0.00393901
         7        81        46       977             509.286            0.792108          0.00054247
         7        82        45       978             463.571            0.792755         0.000646968
         7        83        44       979             417.857             0.79354          0.00078482
         7        84        43       980             372.143            0.794512         0.000971876
         7        85        42       981             326.429            0.795746          0.00123463
         7        86        41       982             566.429            0.796695         0.000948897
         7        87        40       983             280.714            0.797366         0.000671171
         7        88        39       984             520.714            0.797673         0.000307168
         7        89        38       985                 475            0.798837          0.00116371
         7        90        37       986                 235            0.799584          0.00074716
         7        91        36       987             429.286            0.800244          0.00066006
         7        92        35       988             577.857            0.801623          0.00137862
         7        93        34       989             383.571             0.80198         0.000357359
         7        94        33       990             189.286            0.802802         0.000821702
         7        95        32       991             532.143            0.803001         0.000199315
         7        96        31       992             337.857            0.804175          0.00117394
         7        97        30       993             486.429            0.804636         0.000460215
         7        98        29       994             589.286            0.806361          0.00172526
         7        99        28       995             440.714            0.806604         0.000243099
         7       100        27       996             292.143            0.807039         0.000434622
         7       101        26       997             143.571            0.807874         0.000835698
         7       102        25       998             543.571            0.808107         0.000232385
         7       103        24       999                 395            0.809021          0.00091393
         7       104        23      1000             497.857            0.810169          0.00114891
         7       105        22      1001             246.429            0.810929          0.00075919
         7       106        21      1002             349.286            0.812058           0.0011294
         7       107        20      1003             452.143            0.812644         0.000586199
         7       108        19      1004                 555            0.813003         0.000358562
         7       109        18      1005             509.286            0.815457          0.00245376
         7       110        17      1006             406.429            0.815668         0.000211393
         7       111        16      1007             303.571             0.81599         0.000322481
         7       112        15      1008             200.714            0.816515         0.000524667
         7       113        14      1009             566.429            0.817703          0.00118744
         7       114        13      1010             463.571            0.818389         0.000686286
         7       115        12      1011             360.714            0.819446          0.00105695
         7       116        11      1012             520.714            0.820513          0.00106725
         7       117        10      1013             257.857             0.82128         0.000767288
         7       118         9      1014             417.857            0.821955         0.000674252
         7       119         8      1015             577.857            0.822217         0.000262841
         7       120         7      1016                 475            0.823859          0.00164144
         7       121         6      1017                 315              0.8243         0.000440668
         7       122         5      1018                 155            0.825202         0.000902926
         7       123         4      1019             532.143            0.825354         0.000151161
         7       124         3      1020             372.143            0.826384           0.0010301
         7       125         2      1021             589.286            0.826558         0.000174399
         7       126         1      1022             429.286            0.827909          0.00135086
         7       127         0      1023             212.143            0.828774         0.000864852
