 Connector   Channel  PadIndex  AbsIndex              Radius                 Phi            DeltaPhi
         9         0       127      1152             509.286              0.9322          0.00262577
         9         1       126      1153             406.429            0.932496          0.00029595
         9         2       125      1154             303.571            0.932947         0.000451474
         9         3       124      1155             200.714            0.933682         0.000734534
         9         4       123      1156             520.714            0.934711          0.00102918
         9         5       122      1157             417.857            0.935614         0.000903101
         9         6       121      1158                 315            0.937062          0.00144838
         9         7       120      1159             532.143            0.937115         5.23561e-05
         9         8       119      1160             429.286            0.938567          0.00145256
         9         9       118      1161             543.571            0.939418          0.00085072
         9        10       117      1162             212.143            0.939747         0.000328623
         9        11       116      1163             326.429            0.940892          0.00114499
         9        12       115      1164             440.714            0.941368         0.000476721
         9        13       114      1165                 555            0.941627         0.000258557
         9        14       113      1166             566.429            0.943747          0.00212019
         9        15       112      1167             452.143            0.944029         0.000281538
         9        16       111      1168             337.857            0.944464         0.000435073
         9        17       110      1169             223.571            0.945197         0.000733441
         9        18       109      1170             577.857            0.945784         0.000586675
         9        19       108      1171             463.571            0.946558         0.000774676
         9        20       107      1172             589.286            0.947742          0.00118342
         9        21       106      1173             349.286            0.947804         6.17528e-05
         9        22       105      1174                 475            0.948967          0.00116363
         9        23       104      1175                 235            0.950122           0.0011547
         9        24       103      1176             120.714            0.950373         0.000250657
         9        25       102      1177             360.714            0.950933         0.000560757
         9        26       101      1178             486.429            0.951263         0.000330108
         9        27       100      1179             497.857            0.953455          0.00219135
         9        28        99      1180             372.143            0.953872         0.000417298
         9        29        98      1181             246.429            0.954594         0.000721487
         9        30        97      1182             509.286            0.955548         0.000954722
         9        31        96      1183             383.571            0.956637          0.00108852
         9        32        95      1184             520.714             0.95755         0.000913547
         9        33        94      1185             257.857            0.958672          0.00112142
         9        34        93      1186                 395            0.959243         0.000570739
         9        35        92      1187             532.143            0.959467         0.000224331
         9        36        91      1188             543.571            0.961303          0.00183628
         9        37        90      1189             406.429            0.961703           0.0003994
         9        38        89      1190             269.286            0.962406         0.000703703
         9        39        88      1191                 555            0.963064         0.000657906
         9        40        87      1192             132.143            0.963645         0.000580768
         9        41        86      1193             417.857            0.964029         0.000383829
         9        42        85      1194             566.429            0.964754          0.00072567
         9        43        84      1195             280.714            0.965839           0.0010842
         9        44        83      1196             429.286            0.966232         0.000393149
         9        45        82      1197             577.857            0.966378         0.000146355
         9        46        81      1198             589.286            0.967939          0.00156099
         9        47        80      1199             440.714            0.968321         0.000382013
         9        48        79      1200             292.143            0.969004         0.000682978
         9        49        78      1201             452.143            0.970305           0.0013013
         9        50        77      1202             143.571            0.970317         1.19419e-05
         9        51        76      1203             303.571            0.971933          0.00161531
         9        52        75      1204             463.571            0.972192         0.000259673
         9        53        74      1205                 475            0.973989          0.00179656
         9        54        73      1206                 315             0.97465         0.000661001
         9        55        72      1207             486.429            0.975701          0.00105153
         9        56        71      1208                 155            0.976004         0.000302859
         9        57        70      1209             326.429            0.977178          0.00117359
         9        58        69      1210             497.857            0.977336         0.000157815
         9        59        68      1211             509.286            0.978897          0.00156124
         9        60        67      1212             337.857            0.979536         0.000638766
         9        61        66      1213             520.714             0.98039         0.000854237
         9        62        65      1214             166.429            0.980909          0.00051883
         9        63        64      1215             349.286             0.98174         0.000831211
         9        64        63      1216             532.143            0.981819          7.9103e-05
         9        65        62      1217             543.571            0.983188          0.00136929
         9        66        61      1218             360.714            0.983805         0.000616855
         9        67        60      1219                 555            0.984501         0.000696271
         9        68        59      1220             177.857            0.985182         0.000680217
         9        69        58      1221             372.143            0.985744         0.000562482
         9        70        57      1222             566.429            0.985762         1.76438e-05
         9        71        56      1223             577.857            0.986973          0.00121068
         9        72        55      1224             383.571            0.987568         0.000595599
         9        73        54      1225             589.286            0.988136         0.000568296
         9        74        53      1226             189.286            0.988938         0.000801209
         9        75        52      1227                 395            0.989287         0.000349312
         9        76        51      1228             406.429            0.990909          0.00162254
         9        77        50      1229             200.714            0.992265          0.00135544
         9        78        49      1230             417.857            0.992444         0.000178687
         9        79        48      1231             429.286            0.993896          0.00145274
         9        80        47      1232             212.143            0.995233          0.00133659
         9        81        46      1233             440.714            0.995274         4.10806e-05
         9        82        45      1234             452.143            0.996582          0.00130827
         9        83        44      1235             463.571            0.997826          0.00124398
         9        84        43      1236             223.571            0.997897         7.06001e-05
         9        85        42      1237                 475            0.999011          0.00111371
         9        86        41      1238             486.429             1.00014          0.00112884
         9        87        40      1239                 235              1.0003          0.00016171
         9        88        39      1240             497.857             1.00122         0.000915464
         9        89        38      1241             509.286             1.00225          0.00102897
         9        90        37      1242             246.429             1.00248         0.000236343
         9        91        36      1243             520.714             1.00323         0.000747595
         9        92        35      1244             532.143             1.00417         0.000941795
         9        93        34      1245             257.857             1.00447         0.000297671
         9        94        33      1246             543.571             1.00507         0.000604632
         9        95        32      1247                 555             1.00594         0.000865242
         9        96        31      1248             269.286             1.00629         0.000348171
         9        97        30      1249             566.429             1.00677         0.000482249
         9        98        29      1250             577.857             1.00757         0.000797656
         9        99        28      1251             280.714             1.00796           0.0003898
         9       100        27      1252             589.286             1.00833         0.000376995
         9       101        26      1253             292.143              1.0095          0.00116181
         9       102        25      1254             303.571             1.01092          0.00142271
         9       103        24      1255                 315             1.01224          0.00131927
         9       104        23      1256             326.429             1.01346          0.00122671
         9       105        22      1257             337.857             1.01461          0.00114357
         9       106        21      1258             349.286             1.01568          0.00106859
         9       107        20      1259             360.714             1.01668          0.00100076
         9       108        19      1260             372.143             1.01762         0.000939179
         9       109        18      1261             383.571              1.0185         0.000883114
         9       110        17      1262                 395             1.01933         0.000831924
         9       111        16      1263             406.429             1.02012         0.000785058
         9       112        15      1264             417.857             1.02086         0.000742043
         9       113        14      1265             429.286             1.02156         0.000702469
         9       114        13      1266             440.714             1.02223         0.000665978
         9       115        12      1267             452.143             1.02286         0.000632258
         9       116        11      1268             463.571             1.02346         0.000601035
         9       117        10      1269                 475             1.02403         0.000572069
         9       118         9      1270             486.429             1.02458         0.000545147
         9       119         8      1271             497.857              1.0251         0.000520082
         9       120         7      1272             509.286             1.02559         0.000496707
         9       121         6      1273             520.714             1.02607         0.000474873
         9       122         5      1274             532.143             1.02652         0.000454447
         9       123         4      1275             543.571             1.02696         0.000435311
         9       124         3      1276                 555             1.02738         0.000417359
         9       125         2      1277             566.429             1.02778         0.000400495
         9       126         1      1278             577.857             1.02816         0.000384633
         9       127         0      1279             589.286             1.02853         0.000369695
