 Connector   Channel  PadIndex  AbsIndex              Radius                 Phi            DeltaPhi
         5         0       127       640             177.857            0.523599                   0
         5         1       126       641             429.286            0.523599                   0
         5         2       125       642             132.143            0.523599                   0
         5         3       124       643             452.143            0.523599                   0
         5         4       123       644             223.571            0.523599                   0
         5         5       122       645             337.857            0.523599                   0
         5         6       121       646             120.714            0.523599                   0
         5         7       120       647             566.429            0.523599                   0
         5         8       119       648             383.571            0.523599                   0
         5         9       118       649                 155            0.523599         1.11022e-16
         5        10       117       650             269.286            0.523599                   0
         5        11       116       651             577.857            0.533896           0.0102972
         5        12       115       652                 555            0.534317         0.000421474
         5        13       114       653             532.143            0.534775         0.000457437
         5        14       113       654             509.286            0.535273         0.000498207
         5        15       112       655             486.429            0.535818         0.000544679
         5        16       111       656             463.571            0.536416         0.000597968
         5        17       110       657             440.714            0.537075         0.000659476
         5        18       109       658             417.857            0.537806         0.000730984
         5        19       108       659                 395            0.538621          0.00081478
         5        20       107       660             372.143            0.539535          0.00091385
         5        21       106       661             349.286            0.540567          0.00103214
         5        22       105       662             326.429            0.541742          0.00117497
         5        23       104       663             303.571            0.543092          0.00134961
         5        24       103       664             589.286            0.543796         0.000704511
         5        25       102       665             566.429            0.544606         0.000810123
         5        26       101       666             280.714            0.544658         5.16285e-05
         5        27       100       667             543.571            0.545484         0.000826178
         5        28        99       668             520.714            0.546438         0.000954339
         5        29        98       669             257.857            0.546497         5.90222e-05
         5        30        97       670             497.857             0.54748          0.00098231
         5        31        96       671                 475             0.54862          0.00114078
         5        32        95       672                 235            0.548688         6.79236e-05
         5        33        94       673             452.143            0.549876          0.00118726
         5        34        93       674             429.286            0.551263           0.0013877
         5        35        92       675             212.143            0.551342         7.86229e-05
         5        36        91       676             406.429            0.552806          0.00146373
         5        37        90       677             577.857             0.55449          0.00168466
         5        38        89       678             383.571             0.55453         3.97066e-05
         5        39        88       679             189.286            0.554621         9.13003e-05
         5        40        87       680                 555            0.555755          0.00113341
         5        41        86       681             360.714            0.556471         0.000715885
         5        42        85       682             532.143            0.557127         0.000656425
         5        43        84       683             509.286            0.558622          0.00149462
         5        44        83       684             337.857            0.558671         4.91359e-05
         5        45        82       685             166.429            0.558776         0.000105621
         5        46        81       686             486.429            0.560256          0.00147928
         5        47        80       687                 315            0.561186         0.000930622
         5        48        79       688             463.571             0.56205         0.000863283
         5        49        78       689             589.286            0.563993           0.0019437
         5        50        77       690             440.714            0.564028         3.47284e-05
         5        51        76       691             292.143             0.56409         6.20889e-05
         5        52        75       692             143.571             0.56421         0.000119385
         5        53        74       693             566.429            0.565614          0.00140404
         5        54        73       694             417.857            0.566221         0.000607432
         5        55        72       695             543.571            0.567369          0.00114818
         5        56        71       696             269.286             0.56748          0.00011031
         5        57        70       697                 395            0.568665          0.00118585
         5        58        69       698             520.714            0.569278          0.00061252
         5        59        68       699             497.857            0.571361          0.00208266
         5        60        67       700             372.143            0.571407         4.63665e-05
         5        61        66       701             246.429            0.571487         8.01652e-05
         5        62        65       702                 475            0.573642          0.00215503
         5        63        64       703             349.286            0.574503         0.000861231
         5        64        63       704             577.857            0.575085         0.000581394
         5        65        62       705             452.143            0.576152          0.00106775
         5        66        61       706             223.571            0.576299         0.000146064
         5        67        60       707                 555            0.577192         0.000893553
         5        68        59       708             326.429            0.578028         0.000836152
         5        69        58       709             429.286            0.578928         0.000899633
         5        70        57       710             532.143            0.579479           0.0005514
         5        71        56       711             509.286             0.58197          0.00249103
         5        72        55       712             406.429            0.582013         4.22786e-05
         5        73        54       713             303.571            0.582077         6.44962e-05
         5        74        53       714             200.714            0.582182         0.000104933
         5        75        52       715             589.286            0.584191           0.0020086
         5        76        51       716             486.429            0.584694         0.000503087
         5        77        50       717             383.571            0.585461         0.000767626
         5        78        49       718             566.429            0.586621          0.00115966
         5        79        48       719             280.714            0.586776         0.000154886
         5        80        47       720             463.571            0.587684         0.000907673
         5        81        46       721             543.571            0.589254          0.00157086
         5        82        45       722             360.714            0.589343         8.81221e-05
         5        83        44       723             177.857            0.589539         0.000196641
         5        84        43       724             440.714            0.590981          0.00144176
         5        85        42       725             520.714            0.592117           0.0011365
         5        86        41       726             257.857            0.592295         0.000177067
         5        87        40       727             337.857            0.593743           0.0014484
         5        88        39       728             417.857            0.594636         0.000892952
         5        89        38       729             497.857            0.595241         0.000605577
         5        90        37       730             577.857            0.595679         0.000437689
         5        91        36       731                 555            0.598629          0.00295032
         5        92        35       732                 475            0.598664         3.43442e-05
         5        93        34       733                 395             0.59871         4.59736e-05
         5        94        33       734                 315            0.598774         6.41933e-05
         5        95        32       735                 235            0.598868          9.3604e-05
         5        96        31       736                 155               0.599         0.000132127
         5        97        30       737             532.143            0.601832          0.00283182
         5        98        29       738             452.143            0.602429         0.000597849
         5        99        28       739             372.143            0.603279         0.000849662
         5       100        27       740             589.286            0.604388          0.00110891
         5       101        26       741             292.143            0.604582         0.000193635
         5       102        25       742             509.286            0.605319         0.000737393
         5       103        24       743             429.286            0.606592          0.00127351
         5       104        23       744             212.143            0.606828         0.000235869
         5       105        22       745             566.429            0.607628         0.000800092
         5       106        21       746             349.286             0.60844         0.000811315
         5       107        20       747             486.429            0.609132         0.000691971
         5       108        19       748             543.571             0.61114          0.00200794
         5       109        18       749             406.429             0.61122           7.988e-05
         5       110        17       750             269.286             0.61136         0.000140741
         5       111        16       751             132.143            0.611608         0.000247735
         5       112        15       752             463.571            0.613317          0.00170948
         5       113        14       753             326.429            0.614315         0.000997108
         5       114        13       754             520.714            0.614957         0.000642412
         5       115        12       755             577.857            0.616274          0.00131652
         5       116        11       756             383.571            0.616393          0.00011912
         5       117        10       757             189.286            0.616667         0.000273901
         5       118         9       758             440.714            0.617934          0.00126728
         5       119         8       759             497.857            0.619122          0.00118851
         5       120         7       760             246.429            0.619375         0.000253063
         5       121         6       761                 555            0.620067         0.000691387
         5       122         5       762             303.571            0.621063         0.000995877
         5       123         4       763             360.714            0.622214          0.00115178
         5       124         3       764             417.857            0.623051         0.000836263
         5       125         2       765                 475            0.623685         0.000634762
         5       126         1       766             532.143            0.624184         0.000498251
         5       127         0       767             589.286            0.624585         0.000401499
