 Connector   PinName   Channel  PadIndex   PadName                   X                   Y              Radius                 Phi            DeltaPhi
         9    Sig128         0      1152      Pad1             70.1809              98.217             120.714            0.950373
         9    Sig127         1      1153      Pad2             75.3915             108.526             132.143            0.963645           0.0132723
         9    Sig126         2      1154      Pad3             81.1233             118.456             143.571            0.970317          0.00667243
         9    Sig125         3      1155      Pad4             86.8522             128.381                 155            0.976004          0.00568693
         9    Sig124         4      1156      Pad5             92.5788             138.303             166.429            0.980909          0.00490448
         9    Sig123         5      1157      Pad6             98.3037             148.221             177.857            0.985182          0.00427295
         9    Sig122         6      1158      Pad7             104.027             158.137             189.286            0.988938          0.00375591
         9    Sig121         7      1159      Pad8              109.75             168.051             200.714            0.992265          0.00332728
         9    Sig120         8      1160      Pad9             119.401             161.337             200.714            0.933682          -0.0585833
         9    Sig119         9      1161     Pad10             115.471             177.964             212.143            0.995233           0.0615513
         9    Sig118        10      1162     Pad11             125.163             171.286             212.143            0.939747          -0.0554864
         9    Sig117        11      1163     Pad12             121.192             187.874             223.571            0.997897           0.0581503
         9    Sig116        12      1164     Pad13              130.92              181.23             223.571            0.945197          -0.0526998
         9    Sig115        13      1165     Pad14             126.911             197.784                 235              1.0003            0.055104
         9    Sig114        14      1166     Pad15             136.672             191.169                 235            0.950122          -0.0501792
         9    Sig113        15      1167     Pad16             132.631             207.692             246.429             1.00248             0.05236
         9    Sig112        16      1168     Pad17             142.421             201.105             246.429            0.954594          -0.0478883
         9    Sig111        17      1169     Pad18              138.35               217.6             257.857             1.00447           0.0498754
         9    Sig110        18      1170     Pad19             148.167             211.038             257.857            0.958672          -0.0457972
         9    Sig109        19      1171     Pad20             144.068             227.506             269.286             1.00629           0.0476152
         9    Sig108        20      1172     Pad21             153.909             220.968             269.286            0.962406          -0.0438807
         9    Sig107        21      1173     Pad22             149.786             237.412             280.714             1.00796           0.0455505
         9    Sig106        22      1174     Pad23              159.65             230.895             280.714            0.965839          -0.0421181
         9    Sig105        23      1175     Pad24             155.504             247.317             292.143              1.0095           0.0436569
         9    Sig104        24      1176     Pad25             165.388              240.82             292.143            0.969004          -0.0404914
         9    Sig103        25      1177     Pad26             161.222             257.222             303.571             1.01092           0.0419141
         9    Sig102        26      1178     Pad27             171.125             250.743             303.571            0.971933          -0.0389856
         9    Sig101        27      1179     Pad28             180.767             243.883             303.571            0.932947          -0.0389856
         9    Sig100        28      1180     Pad29             166.939             267.126                 315             1.01224           0.0792904
         9     Sig99        29      1181     Pad30             176.859             260.664                 315             0.97465          -0.0375876
         9     Sig98        30      1182     Pad31              186.53             253.834                 315            0.937062          -0.0375876
         9     Sig97        31      1183     Pad32             172.656              277.03             326.429             1.01346           0.0764019
         9     Sig96        32      1184     Pad33             182.592             270.584             326.429            0.977178          -0.0362863
         9     Sig95        33      1185     Pad34             192.289             263.782             326.429            0.940892          -0.0362863
         9     Sig94        34      1186     Pad35             178.373             286.933             337.857             1.01461           0.0737162
         9     Sig93        35      1187     Pad36             188.324             280.502             337.857            0.979536          -0.0350721
         9     Sig92        36      1188     Pad37             198.044             273.726             337.857            0.944464          -0.0350721
         9     Sig91        37      1189     Pad38             184.089             296.836             349.286             1.01568           0.0712127
         9     Sig90        38      1190     Pad39             194.055             290.419             349.286             0.98174          -0.0339364
         9     Sig89        39      1191     Pad40             203.797             283.667             349.286            0.947804          -0.0339364
         9     Sig88        40      1192     Pad41             189.806             306.739             360.714             1.01668           0.0688735
         9     Sig87        41      1193     Pad42             199.785             300.335             360.714            0.983805          -0.0328719
         9     Sig86        42      1194     Pad43             209.547             293.606             360.714            0.950933          -0.0328719
         9     Sig85        43      1195     Pad44             195.522             316.641             372.143             1.01762            0.066683
         9     Sig84        44      1196     Pad45             205.513             310.249             372.143            0.985744          -0.0318721
         9     Sig83        45      1197     Pad46             215.295             303.543             372.143            0.953872          -0.0318721
         9     Sig82        46      1198     Pad47             201.238             326.543             383.571              1.0185           0.0646273
         9     Sig81        47      1199     Pad48             211.241             320.163             383.571            0.987568          -0.0309313
         9     Sig80        48      1200     Pad49             221.041             313.477             383.571            0.956637          -0.0309313
         9     Sig79        49      1201     Pad50             206.955             336.444                 395             1.01933           0.0626945
         9     Sig78        50      1202     Pad51             216.968             330.076                 395            0.989287          -0.0300444
         9     Sig77        51      1203     Pad52             226.785             323.409                 395            0.959243          -0.0300444
         9     Sig76        52      1204     Pad53             212.671             346.346             406.429             1.02012           0.0608739
         9     Sig75        53      1205     Pad54             222.694             339.988             406.429            0.990909          -0.0292069
         9     Sig74        54      1206     Pad55             232.528             333.339             406.429            0.961703          -0.0292069
         9     Sig73        55      1207     Pad56             242.163             326.407             406.429            0.932496          -0.0292069
         9     Sig72        56      1208     Pad57             218.386             356.247             417.857             1.02086           0.0883628
         9     Sig71        57      1209     Pad58              228.42             349.899             417.857            0.992444          -0.0284148
         9     Sig70        58      1210     Pad59             238.268             343.268             417.857            0.964029          -0.0284148
         9     Sig69        59      1211     Pad60             247.925              336.36             417.857            0.935614          -0.0284148
         9     Sig68        60      1212     Pad61             224.102             366.148             429.286             1.02156            0.085947
         9     Sig67        61      1213     Pad62             234.145             359.809             429.286            0.993896          -0.0276646
         9     Sig66        62      1214     Pad63             244.008             353.195             429.286            0.966232          -0.0276646
         9     Sig65        63      1215     Pad64             253.684              346.31             429.286            0.938567          -0.0276646
         9     Sig64        64      1216     Pad65             229.818             376.049             440.714             1.02223           0.0836597
         9     Sig63        65      1217     Pad66             239.869             369.719             440.714            0.995274          -0.0269529
         9     Sig62        66      1218     Pad67             249.746              363.12             440.714            0.968321          -0.0269529
         9     Sig61        67      1219     Pad68             259.441             356.258             440.714            0.941368          -0.0269529
         9     Sig60        68      1220     Pad69             235.534              385.95             452.143             1.02286           0.0814909
         9     Sig59        69      1221     Pad70             245.593             379.628             452.143            0.996582          -0.0262769
         9     Sig58        70      1222     Pad71             255.482             373.044             452.143            0.970305          -0.0262769
         9     Sig57        71      1223     Pad72             265.195             366.203             452.143            0.944029          -0.0262769
         9     Sig56        72      1224     Pad73             241.249              395.85             463.571             1.02346           0.0794316
         9     Sig55        73      1225     Pad74             251.316             389.537             463.571            0.997826          -0.0256339
         9     Sig54        74      1226     Pad75             261.218             382.967             463.571            0.972192          -0.0256339
         9     Sig53        75      1227     Pad76             270.948             376.146             463.571            0.946558          -0.0256339
         9     Sig52        76      1228     Pad77             246.965              405.75                 475             1.02403           0.0774738
         9     Sig51        77      1229     Pad78             257.039             399.445                 475            0.999011          -0.0250217
         9     Sig50        78      1230     Pad79             266.952             392.889                 475            0.973989          -0.0250217
         9     Sig49        79      1231     Pad80             276.698             386.087                 475            0.948967          -0.0250217
         9     Sig48        80      1232     Pad81              252.68             415.651             486.429             1.02458           0.0756102
         9     Sig47        81      1233     Pad82             262.761             409.352             486.429             1.00014           -0.024438
         9     Sig46        82      1234     Pad83             272.686             402.809             486.429            0.975701           -0.024438
         9     Sig45        83      1235     Pad84             282.447             396.026             486.429            0.951263           -0.024438
         9     Sig44        84      1236     Pad85             258.396             425.551             497.857              1.0251            0.073834
         9     Sig43        85      1237     Pad86             268.484             419.259             497.857             1.00122          -0.0238809
         9     Sig42        86      1238     Pad87             278.418             412.729             497.857            0.977336          -0.0238809
         9     Sig41        87      1239     Pad88             288.194             405.963             497.857            0.953455          -0.0238809
         9     Sig40        88      1240     Pad89             264.111             435.451             509.286             1.02559           0.0721394
         9     Sig39        89      1241     Pad90             274.205             429.166             509.286             1.00225          -0.0233486
         9     Sig38        90      1242     Pad91              284.15             422.647             509.286            0.978897          -0.0233486
         9     Sig37        91      1243     Pad92              293.94             415.898             509.286            0.955548          -0.0233486
         9     Sig36        92      1244     Pad93              303.57             408.922             509.286              0.9322          -0.0233486
         9     Sig35        93      1245     Pad94             269.826             445.351             520.714             1.02607           0.0938694
         9     Sig34        94      1246     Pad95             279.927             439.072             520.714             1.00323          -0.0228396
         9     Sig33        95      1247     Pad96             289.881             432.565             520.714             0.98039          -0.0228396
         9     Sig32        96      1248     Pad97             299.684             425.832             520.714             0.95755          -0.0228396
         9     Sig31        97      1249     Pad98             309.331             418.877             520.714            0.934711          -0.0228396
         9     Sig30        98      1250     Pad99             275.542              455.25             532.143             1.02652           0.0918127
         9     Sig29        99      1251    Pad100             285.648             448.978             532.143             1.00417          -0.0223522
         9     Sig28       100      1252    Pad101             295.611             442.482             532.143            0.981819          -0.0223522
         9     Sig27       101      1253    Pad102             305.427             435.764             532.143            0.959467          -0.0223522
         9     Sig26       102      1254    Pad103              315.09             428.829             532.143            0.937115          -0.0223522
         9     Sig25       103      1255    Pad104             281.257              465.15             543.571             1.02696           0.0898441
         9     Sig24       104      1256    Pad105             291.368             458.884             543.571             1.00507          -0.0218852
         9     Sig23       105      1257    Pad106             301.341             452.398             543.571            0.983188          -0.0218852
         9     Sig22       106      1258    Pad107             311.169             445.695             543.571            0.961303          -0.0218852
         9     Sig21       107      1259    Pad108             320.847             438.779             543.571            0.939418          -0.0218852
         9     Sig20       108      1260    Pad109             286.972              475.05                 555             1.02738           0.0879582
         9     Sig19       109      1261    Pad110             297.089             468.789                 555             1.00594          -0.0214373
         9     Sig18       110      1262    Pad111              307.07             462.313                 555            0.984501          -0.0214373
         9     Sig17       111      1263    Pad112             316.909             455.625                 555            0.963064          -0.0214373
         9     Sig16       112      1264    Pad113             326.603             448.727                 555            0.941627          -0.0214373
         9     Sig15       113      1265    Pad114             292.687             484.949             566.429             1.02778           0.0861498
         9     Sig14       114      1266    Pad115             302.809             478.694             566.429             1.00677          -0.0210074
         9     Sig13       115      1267    Pad116             312.798             472.228             566.429            0.985762          -0.0210074
         9     Sig12       116      1268    Pad117             322.648             465.553             566.429            0.964754          -0.0210074
         9     Sig11       117      1269    Pad118             332.356             458.673             566.429            0.943747          -0.0210074
         9     Sig10       118      1270    Pad119             298.402             494.849             577.857             1.02816           0.0844143
         9      Sig9       119      1271    Pad120             308.529             488.599             577.857             1.00757          -0.0205944
         9      Sig8       120      1272    Pad121             318.525             482.141             577.857            0.986973          -0.0205944
         9      Sig7       121      1273    Pad122             328.387              475.48             577.857            0.966378          -0.0205944
         9      Sig6       122      1274    Pad123             338.109             468.617             577.857            0.945784          -0.0205944
         9      Sig5       123      1275    Pad124             304.117             504.748             589.286             1.02853           0.0827472
         9      Sig4       124      1276    Pad125             314.249             498.503             589.286             1.00833          -0.0201973
         9      Sig3       125      1277    Pad126             324.253             492.055             589.286            0.988136          -0.0201973
         9      Sig2       126      1278    Pad127             334.124             485.406             589.286            0.967939          -0.0201973
         9      Sig1       127      1279    Pad128             343.859             478.559             589.286            0.947742          -0.0201973
