 Connector   PinName   Channel  PadIndex   PadName                   X                   Y              Radius                 Phi            DeltaPhi
         0      Sig1         0         0      Pad1             120.149             11.6699             120.714            0.096825
         0      Sig2         1         1      Pad2             131.682              11.028             132.143           0.0835526          -0.0132723
         0      Sig3         2         2      Pad3             143.147             11.0269             143.571           0.0768802         -0.00667243
         0      Sig4         3         3      Pad4             154.607             11.0256                 155           0.0711933         -0.00568693
         0      Sig5         4         4      Pad5             166.063             11.0243             166.429           0.0662888         -0.00490448
         0      Sig6         5         5      Pad6             177.515             11.0229             177.857           0.0620159         -0.00427295
         0      Sig7         6         6      Pad7             188.965             11.0215             189.286           0.0582599         -0.00375591
         0      Sig8         7         7      Pad8             200.412             11.0202             200.714           0.0549327         -0.00332728
         0      Sig9         8         8      Pad9             199.422             22.7354             200.714            0.113516           0.0585833
         0     Sig10         9         9     Pad10             211.856              11.019             212.143           0.0519646          -0.0615513
         0     Sig11        10        10     Pad11             210.919             22.7511             212.143            0.107451           0.0554864
         0     Sig12        11        11     Pad12               223.3             11.0178             223.571           0.0493007          -0.0581503
         0     Sig13        12        12     Pad13             222.409             22.7649             223.571               0.102           0.0526998
         0     Sig14        13        13     Pad14             234.742             11.0166                 235           0.0468964           -0.055104
         0     Sig15        14        14     Pad15             233.894              22.777                 235           0.0970756           0.0501792
         0     Sig16        15        15     Pad16             246.182             11.0155             246.429           0.0447157            -0.05236
         0     Sig17        16        16     Pad17             245.373             22.7877             246.429            0.092604           0.0478883
         0     Sig18        17        17     Pad18             257.622             11.0145             257.857           0.0427286          -0.0498754
         0     Sig19        18        18     Pad19             256.847             22.7972             257.857           0.0885258           0.0457972
         0     Sig20        19        19     Pad20              269.06             11.0136             269.286           0.0409106          -0.0476152
         0     Sig21        20        20     Pad21             268.318             22.8057             269.286           0.0847913           0.0438807
         0     Sig22        21        21     Pad22             280.498             11.0126             280.714           0.0392409          -0.0455505
         0     Sig23        22        22     Pad23             279.786             22.8134             280.714           0.0813589           0.0421181
         0     Sig24        23        23     Pad24             291.935             11.0118             292.143           0.0377021          -0.0436569
         0     Sig25        24        24     Pad25              291.25             22.8204             292.143           0.0781934           0.0404914
         0     Sig26        25        25     Pad26             303.372              11.011             303.571           0.0362793          -0.0419141
         0     Sig27        26        26     Pad27             302.712             22.8267             303.571           0.0752649           0.0389856
         0     Sig28        27        27     Pad28             301.592             34.6078             303.571             0.11425           0.0389856
         0     Sig29        28        28     Pad29             314.808             11.0102                 315           0.0349601          -0.0792904
         0     Sig30        29        29     Pad30             314.171             22.8325                 315           0.0725477           0.0375876
         0     Sig31        30        30     Pad31             313.091             34.6225                 315            0.110135           0.0375876
         0     Sig32        31        31     Pad32             326.243             11.0094             326.429           0.0337334          -0.0764019
         0     Sig33        32        32     Pad33             325.629             22.8378             326.429           0.0700197           0.0362863
         0     Sig34        33        33     Pad34             324.586              34.636             326.429            0.106306           0.0362863
         0     Sig35        34        34     Pad35             337.678             11.0087             337.857           0.0325898          -0.0737162
         0     Sig36        35        35     Pad36             337.084             22.8426             337.857           0.0676619           0.0350721
         0     Sig37        36        36     Pad37             336.076             34.6484             337.857            0.102734           0.0350721
         0     Sig38        37        37     Pad38             349.112             11.0081             349.286           0.0315212          -0.0712127
         0     Sig39        38        38     Pad39             348.538             22.8471             349.286           0.0654576           0.0339364
         0     Sig40        39        39     Pad40             347.562             34.6598             349.286            0.099394           0.0339364
         0     Sig41        40        40     Pad41             360.546             11.0075             360.714           0.0305205          -0.0688735
         0     Sig42        41        41     Pad42              359.99             22.8512             360.714           0.0633923           0.0328719
         0     Sig43        42        42     Pad43             359.044             34.6703             360.714           0.0962642           0.0328719
         0     Sig44        43        43     Pad44              371.98             11.0069             372.143           0.0295813           -0.066683
         0     Sig45        44        44     Pad45              371.44              22.855             372.143           0.0614534           0.0318721
         0     Sig46        45        45     Pad46             370.523               34.68             372.143           0.0933255           0.0318721
         0     Sig47        46        46     Pad47             383.413             11.0063             383.571           0.0286982          -0.0646273
         0     Sig48        47        47     Pad48              382.89             22.8586             383.571           0.0596294           0.0309313
         0     Sig49        48        48     Pad49                 382              34.689             383.571           0.0905607           0.0309313
         0     Sig50        49        49     Pad50             394.847             11.0057                 395           0.0278662          -0.0626945
         0     Sig51        50        50     Pad51             394.338             22.8619                 395           0.0579106           0.0300444
         0     Sig52        51        51     Pad52             393.473             34.6975                 395            0.087955           0.0300444
         0     Sig53        52        52     Pad53              406.28             11.0052             406.429           0.0270812          -0.0608739
         0     Sig54        53        53     Pad54             405.785              22.865             406.429           0.0562881           0.0292069
         0     Sig55        54        54     Pad55             404.944             34.7053             406.429            0.085495           0.0292069
         0     Sig56        55        55     Pad56             403.758              46.516             406.429            0.114702           0.0292069
         0     Sig57        56        56     Pad57             417.712             11.0047             417.857           0.0263391          -0.0883628
         0     Sig58        57        57     Pad58             417.231             22.8679             417.857            0.054754           0.0284148
         0     Sig59        58        58     Pad59             416.413             34.7126             417.857           0.0831688           0.0284148
         0     Sig60        59        59     Pad60             415.258             46.5293             417.857            0.111584           0.0284148
         0     Sig61        60        60     Pad61             429.145             11.0042             429.286           0.0256367           -0.085947
         0     Sig62        61        61     Pad62             428.676             22.8706             429.286           0.0533012           0.0276646
         0     Sig63        62        62     Pad63             427.879             34.7195             429.286           0.0809658           0.0276646
         0     Sig64        63        63     Pad64             426.755             46.5418             429.286             0.10863           0.0276646
         0     Sig65        64        64     Pad65             440.577             11.0038             440.714           0.0249707          -0.0836597
         0     Sig66        65        65     Pad66              440.12             22.8732             440.714           0.0519236           0.0269529
         0     Sig67        66        66     Pad67             439.344             34.7259             440.714           0.0788764           0.0269529
         0     Sig68        67        67     Pad68             438.249             46.5535             440.714            0.105829           0.0269529
         0     Sig69        68        68     Pad69             452.009             11.0034             452.143           0.0243384          -0.0814909
         0     Sig70        69        69     Pad70             451.564             22.8756             452.143           0.0506153           0.0262769
         0     Sig71        70        70     Pad71             450.807              34.732             452.143           0.0768922           0.0262769
         0     Sig72        71        71     Pad72             449.739             46.5644             452.143            0.103169           0.0262769
         0     Sig73        72        72     Pad73             463.441             11.0029             463.571           0.0237374          -0.0794316
         0     Sig74        73        73     Pad74             463.007             22.8778             463.571           0.0493713           0.0256339
         0     Sig75        74        74     Pad75             462.268             34.7377             463.571           0.0750052           0.0256339
         0     Sig76        75        75     Pad76             461.226             46.5747             463.571            0.100639           0.0256339
         0     Sig77        76        76     Pad77             474.873             11.0025                 475           0.0231653          -0.0774738
         0     Sig78        77        77     Pad78             474.449               22.88                 475            0.048187           0.0250217
         0     Sig79        78        78     Pad79             473.728             34.7431                 475           0.0732087           0.0250217
         0     Sig80        79        79     Pad80              472.71             46.5844                 475           0.0982303           0.0250217
         0     Sig81        80        80     Pad81             486.304             11.0022             486.429           0.0226202          -0.0756102
         0     Sig82        81        81     Pad82              485.89              22.882             486.429           0.0470582            0.024438
         0     Sig83        82        82     Pad83             485.186             34.7481             486.429           0.0714961            0.024438
         0     Sig84        83        83     Pad84             484.192             46.5936             486.429           0.0959341            0.024438
         0     Sig85        84        84     Pad85             497.736             11.0018             497.857           0.0221001           -0.073834
         0     Sig86        85        85     Pad86             497.331             22.8839             497.857            0.045981           0.0238809
         0     Sig87        86        86     Pad87             496.643             34.7529             497.857           0.0698619           0.0238809
         0     Sig88        87        87     Pad88             495.671             46.6022             497.857           0.0937428           0.0238809
         0     Sig89        88        88     Pad89             509.167             11.0014             509.286           0.0216034          -0.0721394
         0     Sig90        89        89     Pad90             508.771             22.8857             509.286            0.044952           0.0233486
         0     Sig91        90        90     Pad91             508.098             34.7575             509.286           0.0683006           0.0233486
         0     Sig92        91        91     Pad92             507.148             46.6103             509.286           0.0916493           0.0233486
         0     Sig93        92        92     Pad93             505.922             58.4378             509.286            0.114998           0.0233486
         0     Sig94        93        93     Pad94             520.598             11.0011             520.714           0.0211285          -0.0938694
         0     Sig95        94        94     Pad95             520.211             22.8874             520.714           0.0439681           0.0228396
         0     Sig96        95        95     Pad96             519.553             34.7618             520.714           0.0668076           0.0228396
         0     Sig97        96        96     Pad97             518.623             46.6181             520.714           0.0896472           0.0228396
         0     Sig98        97        97     Pad98             517.423               58.45             520.714            0.112487           0.0228396
         0     Sig99        98        98     Pad99             532.029             11.0008             532.143           0.0206741          -0.0918127
         0    Sig100        99        99    Pad100              531.65             22.8891             532.143           0.0430263           0.0223522
         0    Sig101       100       100    Pad101             531.006             34.7659             532.143           0.0653785           0.0223522
         0    Sig102       101       101    Pad102             530.096             46.6254             532.143           0.0877307           0.0223522
         0    Sig103       102       102    Pad103             528.922             58.4616             532.143            0.110083           0.0223522
         0    Sig104       103       103    Pad104              543.46             11.0005             543.571           0.0202388          -0.0898441
         0    Sig105       104       104    Pad105             543.089             22.8906             543.571            0.042124           0.0218852
         0    Sig106       105       105    Pad106             542.458             34.7698             543.571           0.0640092           0.0218852
         0    Sig107       106       106    Pad107             541.567             46.6324             543.571           0.0858944           0.0218852
         0    Sig108       107       107    Pad108             540.417             58.4726             543.571             0.10778           0.0218852
         0    Sig109       108       108    Pad109             554.891             11.0002                 555           0.0198214          -0.0879582
         0    Sig110       109       109    Pad110             554.528             22.8921                 555           0.0412587           0.0214373
         0    Sig111       110       110    Pad111              553.91             34.7735                 555           0.0626961           0.0214373
         0    Sig112       111       111    Pad112             553.037              46.639                 555           0.0841334           0.0214373
         0    Sig113       112       112    Pad113              551.91              58.483                 555            0.105571           0.0214373
         0    Sig114       113       113    Pad114             566.322             10.9999             566.429           0.0194209          -0.0861498
         0    Sig115       114       114    Pad115             565.966             22.8935             566.429           0.0404283           0.0210074
         0    Sig116       115       115    Pad116              565.36             34.7771             566.429           0.0614357           0.0210074
         0    Sig117       116       116    Pad117             564.505             46.6453             566.429           0.0824431           0.0210074
         0    Sig118       117       117    Pad118               563.4             58.4929             566.429            0.103451           0.0210074
         0    Sig119       118       118    Pad119             577.752             10.9996             577.857           0.0190363          -0.0844143
         0    Sig120       119       119    Pad120             577.403             22.8949             577.857           0.0396307           0.0205944
         0    Sig121       120       120    Pad121             576.809             34.7804             577.857            0.060225           0.0205944
         0    Sig122       121       121    Pad122             575.971             46.6513             577.857           0.0808194           0.0205944
         0    Sig123       122       122    Pad123             574.888             58.5023             577.857            0.101414           0.0205944
         0    Sig124       123       123    Pad124             589.183             10.9993             589.286           0.0186666          -0.0827472
         0    Sig125       124       124    Pad125             588.841             22.8962             589.286           0.0388639           0.0201973
         0    Sig126       125       125    Pad126             588.258             34.7837             589.286           0.0590612           0.0201973
         0    Sig127       126       126    Pad127             587.436              46.657             589.286           0.0792584           0.0201973
         0    Sig128       127       127    Pad128             586.374             58.5113             589.286           0.0994557           0.0201973
