 Connector   PinName   Channel  PadIndex   PadName                   X                   Y              Radius                 Phi            DeltaPhi
         1      Sig1         0       128      Pad1             118.223             24.3983             120.714            0.203518
         1      Sig2         1       129      Pad2             130.203             22.5596             132.143            0.171562          -0.0319566
         1      Sig3         2       130      Pad3             141.781             22.6045             143.571            0.158102          -0.0134601
         1      Sig4         3       131      Pad4             153.338             22.6408                 155            0.146594          -0.0115076
         1      Sig5         4       132      Pad5             164.877             22.6708             166.429            0.136644         -0.00995001
         1      Sig6         5       133      Pad6             162.876             34.2051             166.429               0.207           0.0703554
         1      Sig7         6       134      Pad7             176.403             22.6959             177.857            0.127956          -0.0790433
         1      Sig8         7       135      Pad8             174.524             34.2702             177.857            0.193897           0.0659404
         1      Sig9         8       136      Pad9             187.918             22.7171             189.286            0.120305          -0.0735916
         1     Sig10         9       137     Pad10             186.147             34.3253             189.286             0.18235           0.0620452
         1     Sig11        10       138     Pad11             197.749             34.3725             200.714            0.172099          -0.0102511
         1     Sig12        11       139     Pad12             209.333             34.4133             212.143            0.162937         -0.00916181
         1     Sig13        12       140     Pad13             220.901             34.4488             223.571              0.1547         -0.00823709
         1     Sig14        13       141     Pad14              218.78              46.037             223.571              0.2074           0.0526998
         1     Sig15        14       142     Pad15             232.457               34.48                 235            0.147255          -0.0601452
         1     Sig16        15       143     Pad16             230.435             46.0962                 235            0.197434           0.0501792
         1     Sig17        16       144     Pad17             244.001             34.5075             246.429            0.140492          -0.0569417
         1     Sig18        17       145     Pad18             242.069             46.1483             246.429            0.188381           0.0478883
         1     Sig19        18       146     Pad19             255.534             34.5321             257.857            0.134323          -0.0540577
         1     Sig20        19       147     Pad20             253.686             46.1945             257.857             0.18012           0.0457972
         1     Sig21        20       148     Pad21              267.06              34.554             269.286            0.128672           -0.051448
         1     Sig22        21       149     Pad22             265.287             46.2358             269.286            0.172553           0.0438807
         1     Sig23        22       150     Pad23             263.003             57.8285             269.286            0.216434           0.0438807
         1     Sig24        23       151     Pad24             278.577             34.5738             280.714            0.123477          -0.0929565
         1     Sig25        24       152     Pad25             276.874             46.2728             280.714            0.165595           0.0421181
         1     Sig26        25       153     Pad26              274.68             57.8897             280.714            0.207713           0.0421181
         1     Sig27        26       154     Pad27             290.088             34.5916             292.143            0.118685          -0.0890283
         1     Sig28        27       155     Pad28              288.45             46.3061             292.143            0.159176           0.0404914
         1     Sig29        28       156     Pad29             286.339             57.9447             292.143            0.199668           0.0404914
         1     Sig30        29       157     Pad30             300.014             46.3362             303.571            0.153236          -0.0464316
         1     Sig31        30       158     Pad31              297.98             57.9943             303.571            0.192222           0.0389856
         1     Sig32        31       159     Pad32             311.569             46.3636                 315            0.147723          -0.0444987
         1     Sig33        32       160     Pad33             309.607             58.0393                 315             0.18531           0.0375876
         1     Sig34        33       161     Pad34             323.116             46.3886             326.429            0.142592          -0.0427181
         1     Sig35        34       162     Pad35              321.22             58.0802             326.429            0.178879           0.0362863
         1     Sig36        35       163     Pad36             318.902             69.6953             326.429            0.215165           0.0362863
         1     Sig37        36       164     Pad37             334.654             46.4115             337.857            0.137806           -0.077359
         1     Sig38        37       165     Pad38             332.821             58.1176             337.857            0.172878           0.0350721
         1     Sig39        38       166     Pad39             330.578             69.7522             337.857             0.20795           0.0350721
         1     Sig40        39       167     Pad40             346.186             46.4325             349.286             0.13333          -0.0746198
         1     Sig41        40       168     Pad41             344.411             58.1518             349.286            0.167267           0.0339364
         1     Sig42        41       169     Pad42              342.24             69.8042             349.286            0.201203           0.0339364
         1     Sig43        42       170     Pad43             357.711             46.4519             360.714            0.129136           -0.072067
         1     Sig44        43       171     Pad44             355.991             58.1833             360.714            0.162008           0.0328719
         1     Sig45        44       172     Pad45             353.886             69.8519             360.714             0.19488           0.0328719
         1     Sig46        45       173     Pad46              369.23             46.4698             372.143            0.125198          -0.0696823
         1     Sig47        46       174     Pad47             367.562             58.2123             372.143             0.15707           0.0318721
         1     Sig48        47       175     Pad48              365.52             69.8957             372.143            0.188942           0.0318721
         1     Sig49        48       176     Pad49             380.744             46.4863             383.571            0.121492          -0.0674497
         1     Sig50        49       177     Pad50             379.124             58.2391             383.571            0.152423           0.0309313
         1     Sig51        50       178     Pad51             377.142             69.9362             383.571            0.183355           0.0309313
         1     Sig52        51       179     Pad52             374.799             81.5664             383.571            0.214286           0.0309313
         1     Sig53        52       180     Pad53             392.253             46.5017                 395            0.117999          -0.0962865
         1     Sig54        53       181     Pad54             390.679             58.2639                 395            0.148044           0.0300444
         1     Sig55        54       182     Pad55             388.753             69.9736                 395            0.178088           0.0300444
         1     Sig56        55       183     Pad56             386.475             81.6201                 395            0.208133           0.0300444
         1     Sig57        56       184     Pad57             402.227              58.287             406.429            0.143909          -0.0642238
         1     Sig58        57       185     Pad58             400.354             70.0083             406.429            0.173116           0.0292069
         1     Sig59        58       186     Pad59             398.138             81.6699             406.429            0.202323           0.0292069
         1     Sig60        59       187     Pad60             413.769             58.3085             417.857            0.139998          -0.0623242
         1     Sig61        60       188     Pad61             411.945             70.0405             417.857            0.168413           0.0284148
         1     Sig62        61       189     Pad62             409.789              81.716             417.857            0.196828           0.0284148
         1     Sig63        62       190     Pad63             425.305             58.3285             429.286            0.136295          -0.0605332
         1     Sig64        63       191     Pad64             423.528             70.0705             429.286            0.163959           0.0276646
         1     Sig65        64       192     Pad65             421.428             81.7589             429.286            0.191624           0.0276646
         1     Sig66        65       193     Pad66             436.835             58.3472             440.714            0.132782          -0.0588419
         1     Sig67        66       194     Pad67             435.104             70.0985             440.714            0.159735           0.0269529
         1     Sig68        67       195     Pad68             433.057             81.7989             440.714            0.186688           0.0269529
         1     Sig69        68       196     Pad69             430.695             93.4399             440.714            0.213641           0.0269529
         1     Sig70        69       197     Pad70              448.36             58.3647             452.143            0.129446          -0.0841949
         1     Sig71        70       198     Pad71             446.672             70.1247             452.143            0.155723           0.0262769
         1     Sig72        71       199     Pad72             444.675             81.8363             452.143               0.182           0.0262769
         1     Sig73        72       200     Pad73             442.371             93.4913             452.143            0.208276           0.0262769
         1     Sig74        73       201     Pad74             459.881             58.3811             463.571            0.126273          -0.0820034
         1     Sig75        74       202     Pad75             458.233             70.1492             463.571            0.151907           0.0256339
         1     Sig76        75       203     Pad76             456.285             81.8712             463.571            0.177541           0.0256339
         1     Sig77        76       204     Pad77             454.036             93.5394             463.571            0.203175           0.0256339
         1     Sig78        77       205     Pad78             471.397             58.3966                 475            0.123252          -0.0799228
         1     Sig79        78       206     Pad79             469.788             70.1722                 475            0.148274           0.0250217
         1     Sig80        79       207     Pad80             467.885             81.9039                 475            0.173295           0.0250217
         1     Sig81        80       208     Pad81              465.69             93.5843                 475            0.198317           0.0250217
         1     Sig82        81       209     Pad82             482.909             58.4111             486.429            0.120372          -0.0779449
         1     Sig83        82       210     Pad83             481.337             70.1938             486.429             0.14481            0.024438
         1     Sig84        83       211     Pad84             479.478             81.9346             486.429            0.169248            0.024438
         1     Sig85        84       212     Pad85             477.333             93.6265             486.429            0.193686            0.024438
         1     Sig86        85       213     Pad86             474.903             105.262             486.429            0.218124            0.024438
         1     Sig87        86       214     Pad87             494.417             58.4248             497.857            0.117624             -0.1005
         1     Sig88        87       215     Pad88             492.881             70.2142             497.857            0.141505           0.0238809
         1     Sig89        88       216     Pad89             491.064             81.9635             497.857            0.165385           0.0238809
         1     Sig90        89       217     Pad90             488.967              93.666             497.857            0.189266           0.0238809
         1     Sig91        90       218     Pad91             486.591             105.315             497.857            0.213147           0.0238809
         1     Sig92        91       219     Pad92              504.42             70.2334             509.286            0.138347          -0.0748007
         1     Sig93        92       220     Pad93             502.642             81.9906             509.286            0.161695           0.0233486
         1     Sig94        93       221     Pad94             500.591             93.7032             509.286            0.185044           0.0233486
         1     Sig95        94       222     Pad95             498.267             105.365             509.286            0.208392           0.0233486
         1     Sig96        95       223     Pad96             515.954             70.2515             520.714            0.135326          -0.0730661
         1     Sig97        96       224     Pad97             514.215             82.0163             520.714            0.158166           0.0228396
         1     Sig98        97       225     Pad98             512.207             93.7383             520.714            0.181005           0.0228396
         1     Sig99        98       226     Pad99             509.933             105.411             520.714            0.203845           0.0228396
         1    Sig100        99       227    Pad100             527.483             70.2686             532.143            0.132435          -0.0714099
         1    Sig101       100       228    Pad101             525.781             82.0404             532.143            0.154787           0.0223522
         1    Sig102       101       229    Pad102             523.816             93.7713             532.143             0.17714           0.0223522
         1    Sig103       102       230    Pad103             521.589             105.455             532.143            0.199492           0.0223522
         1    Sig104       103       231    Pad104             539.008             70.2848             543.571            0.129665          -0.0698269
         1    Sig105       104       232    Pad105             537.341             82.0633             543.571             0.15155           0.0218852
         1    Sig106       105       233    Pad106             535.417             93.8025             543.571            0.173435           0.0218852
         1    Sig107       106       234    Pad107             533.236             105.497             543.571            0.195321           0.0218852
         1    Sig108       107       235    Pad108             530.799             117.141             543.571            0.217206           0.0218852
         1    Sig109       108       236    Pad109              550.53             70.3001                 555            0.127008          -0.0901976
         1    Sig110       109       237    Pad110             548.896              82.085                 555            0.148445           0.0214373
         1    Sig111       110       238    Pad111             547.011             93.8321                 555            0.169883           0.0214373
         1    Sig112       111       239    Pad112             544.874             105.536                 555             0.19132           0.0214373
         1    Sig113       112       240    Pad113             542.486             117.192                 555            0.212757           0.0214373
         1    Sig114       113       241    Pad114             562.047             70.3147             566.429            0.124458          -0.0882995
         1    Sig115       114       242    Pad115             560.446             82.1055             566.429            0.145465           0.0210074
         1    Sig116       115       243    Pad116             558.598               93.86             566.429            0.166473           0.0210074
         1    Sig117       116       244    Pad117             556.503             105.573             566.429             0.18748           0.0210074
         1    Sig118       117       245    Pad118             554.163              117.24             566.429            0.208488           0.0210074
         1    Sig119       118       246    Pad119             573.561             70.3285             577.857            0.122008          -0.0864794
         1    Sig120       119       247    Pad120             571.992             82.1249             577.857            0.142603           0.0205944
         1    Sig121       120       248    Pad121             570.179             93.8865             577.857            0.163197           0.0205944
         1    Sig122       121       249    Pad122             568.125             105.608             577.857            0.183791           0.0205944
         1    Sig123       122       250    Pad123              565.83             117.285             577.857            0.204386           0.0205944
         1    Sig124       123       251    Pad124             585.072             70.3417             589.286            0.119653          -0.0847327
         1    Sig125       124       252    Pad125             583.532             82.1434             589.286             0.13985           0.0201973
         1    Sig126       125       253    Pad126             581.754             93.9116             589.286            0.160048           0.0201973
         1    Sig127       126       254    Pad127             579.739             105.642             589.286            0.180245           0.0201973
         1    Sig128       127       255    Pad128             577.487             117.328             589.286            0.200442           0.0201973
