 Connector   PinName   Channel  PadIndex   PadName                   X                   Y              Radius                 Phi            DeltaPhi
         3      Sig1         0       384      Pad1             110.375             48.8812             120.714            0.416905
         3      Sig2         1       385      Pad2             124.241              45.011             132.143             0.34758           -0.069325
         3      Sig3         2       386      Pad3             136.258              45.237             143.571            0.320545          -0.0270354
         3      Sig4         3       387      Pad4             132.139             56.1429             143.571            0.401766           0.0812216
         3      Sig5         4       388      Pad5             144.353             56.4544                 155            0.372797          -0.0289695
         3      Sig6         5       389      Pad6             156.469             56.7099             166.429             0.34771          -0.0250866
         3      Sig7         6       390      Pad7             152.095             67.5689             166.429            0.418066           0.0703554
         3      Sig8         7       391      Pad8             168.502             56.9224             177.857            0.325778          -0.0922882
         3      Sig9         8       392      Pad9             164.385             67.9017             177.857            0.391718           0.0659404
         3     Sig10         9       393     Pad10              176.58             68.1813             189.286            0.368486          -0.0232321
         3     Sig11        10       394     Pad11             188.693             68.4188             200.714            0.347849          -0.0206368
         3     Sig12        11       395     Pad12             184.364             79.3493             200.714            0.406432           0.0585833
         3     Sig13        12       396     Pad13             200.738             68.6223             212.143            0.329396          -0.0770358
         3     Sig14        13       397     Pad14             196.623             79.6492             212.143            0.384883           0.0554864
         3     Sig15        14       398     Pad15             208.804              79.908             223.571            0.365499          -0.0193834
         3     Sig16        15       399     Pad16             204.304             90.7958             223.571            0.418199           0.0526998
         3     Sig17        16       400     Pad17             220.916              80.133                 235            0.347972          -0.0702276
         3     Sig18        17       401     Pad18             216.618             91.1129                 235            0.398151           0.0501792
         3     Sig19        18       402     Pad19             232.968             80.3302             246.429            0.332046          -0.0661053
         3     Sig20        19       403     Pad20             228.856             91.3903             246.429            0.379934           0.0478883
         3     Sig21        20       404     Pad21             241.026             91.6344             257.857            0.363309          -0.0166251
         3     Sig22        21       405     Pad22             236.578             102.573             257.857            0.409106           0.0457972
         3     Sig23        22       406     Pad23             253.137             91.8506             269.286            0.348076          -0.0610301
         3     Sig24        23       407     Pad24             248.864             102.866             269.286            0.391957           0.0438807
         3     Sig25        24       408     Pad25             265.195             92.0429             280.714            0.334067          -0.0578891
         3     Sig26        25       409     Pad26             261.085             103.128             280.714            0.376185           0.0421181
         3     Sig27        26       410     Pad27             256.511             114.029             280.714            0.418304           0.0421181
         3     Sig28        27       411     Pad28             277.207              92.215             292.143            0.321142          -0.0971618
         3     Sig29        28       412     Pad29             273.247             103.361             292.143            0.361633           0.0404914
         3     Sig30        29       413     Pad30             268.839             114.337             292.143            0.402125           0.0404914
         3     Sig31        30       414     Pad31             285.357              103.57             303.571            0.348164          -0.0539608
         3     Sig32        31       415     Pad32             281.104             114.613             303.571            0.387149           0.0389856
         3     Sig33        32       416     Pad33             297.421             103.759                 315            0.335661          -0.0514885
         3     Sig34        33       417     Pad34             293.312             114.862                 315            0.373248           0.0375876
         3     Sig35        34       418     Pad35             288.788             125.803                 315            0.410836           0.0375876
         3     Sig36        35       419     Pad36             309.442              103.93             326.429            0.324024           -0.086812
         3     Sig37        36       420     Pad37             305.468             115.087             326.429             0.36031           0.0362863
         3     Sig38        37       421     Pad38             301.092             126.093             326.429            0.396597           0.0362863
         3     Sig39        38       422     Pad39             317.577             115.291             337.857            0.348238          -0.0483582
         3     Sig40        39       423     Pad40             313.339             126.356             337.857             0.38331           0.0350721
         3     Sig41        40       424     Pad41             308.716             137.266             337.857            0.418383           0.0350721
         3     Sig42        41       425     Pad42             329.645             115.477             349.286            0.336949          -0.0814339
         3     Sig43        42       426     Pad43             325.537             126.595             349.286            0.370885           0.0339364
         3     Sig44        43       427     Pad44             321.054             137.568             349.286            0.404821           0.0339364
         3     Sig45        44       428     Pad45             341.673             115.647             360.714            0.326367           -0.078454
         3     Sig46        45       429     Pad46             337.688             126.814             360.714            0.359239           0.0328719
         3     Sig47        46       430     Pad47             333.338             137.843             360.714            0.392111           0.0328719
         3     Sig48        47       431     Pad48             349.797             127.013             372.143            0.348302           -0.043809
         3     Sig49        48       432     Pad49             345.572             138.096             372.143            0.380174           0.0318721
         3     Sig50        49       433     Pad50             340.996             149.038             372.143            0.412046           0.0318721
         3     Sig51        50       434     Pad51             361.867             127.197             383.571            0.338011          -0.0740354
         3     Sig52        51       435     Pad52             357.761             138.327             383.571            0.368942           0.0309313
         3     Sig53        52       436     Pad53             353.312             149.325             383.571            0.399874           0.0309313
         3     Sig54        53       437     Pad54             373.902             127.365                 395             0.32831          -0.0715634
         3     Sig55        54       438     Pad55             369.908              138.54                 395            0.358355           0.0300444
         3     Sig56        55       439     Pad56             365.579             149.589                 395            0.388399           0.0300444
         3     Sig57        56       440     Pad57              360.92             160.504                 395            0.418443           0.0300444
         3     Sig58        57       441     Pad58             382.016             138.736             406.429            0.348357          -0.0700861
         3     Sig59        58       442     Pad59             377.802             149.833             406.429            0.377564           0.0292069
         3     Sig60        59       443     Pad60             373.265             160.802             406.429            0.406771           0.0292069
         3     Sig61        60       444     Pad61             394.089             138.917             417.857            0.338902          -0.0678688
         3     Sig62        61       445     Pad62             389.984             150.058             417.857            0.367317           0.0284148
         3     Sig63        62       446     Pad63             385.563             161.077             417.857            0.395732           0.0284148
         3     Sig64        63       447     Pad64              406.13             139.085             429.286            0.329947          -0.0657852
         3     Sig65        64       448     Pad65             402.127             150.266             429.286            0.357611           0.0276646
         3     Sig66        65       449     Pad66             397.817             161.332             429.286            0.385276           0.0276646
         3     Sig67        66       450     Pad67             393.202             172.274             429.286            0.412941           0.0276646
         3     Sig68        67       451     Pad68              418.14             139.241             440.714            0.321452          -0.0914883
         3     Sig69        68       452     Pad69             414.235             150.459             440.714            0.348405           0.0269529
         3     Sig70        69       453     Pad70              410.03             161.568             440.714            0.375358           0.0269529
         3     Sig71        70       454     Pad71             405.527              172.56             440.714            0.402311           0.0269529
         3     Sig72        71       455     Pad72             426.311             150.639             452.143            0.339661          -0.0626501
         3     Sig73        72       456     Pad73             422.206             161.788             452.143            0.365938           0.0262769
         3     Sig74        73       457     Pad74             417.809             172.825             452.143            0.392214           0.0262769
         3     Sig75        74       458     Pad75             413.124             183.743             452.143            0.418491           0.0262769
         3     Sig76        75       459     Pad76             438.356             150.807             463.571            0.331344          -0.0871469
         3     Sig77        76       460     Pad77             434.347             161.993             463.571            0.356978           0.0256339
         3     Sig78        77       461     Pad78             430.052             173.072             463.571            0.382612           0.0256339
         3     Sig79        78       462     Pad79             425.474             184.038             463.571            0.408246           0.0256339
         3     Sig80        79       463     Pad80             450.372             150.963                 475            0.323425          -0.0848208
         3     Sig81        80       464     Pad81             446.454             162.183                 475            0.348447           0.0250217
         3     Sig82        81       465     Pad82             442.257             173.302                 475            0.373469           0.0250217
         3     Sig83        82       466     Pad83             437.783             184.313                 475             0.39849           0.0250217
         3     Sig84        83       467     Pad84             458.532             162.362             486.429            0.340314          -0.0581765
         3     Sig85        84       468     Pad85             454.428             173.518             486.429            0.364752            0.024438
         3     Sig86        85       469     Pad86             450.052              184.57             486.429             0.38919            0.024438
         3     Sig87        86       470     Pad87             445.407             195.512             486.429            0.413628            0.024438
         3     Sig88        87       471     Pad88             470.581             162.528             497.857            0.332552          -0.0810762
         3     Sig89        88       472     Pad89             466.566             173.719             497.857            0.356433           0.0238809
         3     Sig90        89       473     Pad90             462.284              184.81             497.857            0.380313           0.0238809
         3     Sig91        90       474     Pad91              457.74             195.796             497.857            0.404194           0.0238809
         3     Sig92        91       475     Pad92             482.603             162.685             509.286            0.325135          -0.0790588
         3     Sig93        92       476     Pad93             478.673             173.908             509.286            0.348484           0.0233486
         3     Sig94        93       477     Pad94             474.483             185.035             509.286            0.371833           0.0233486
         3     Sig95        94       478     Pad95             470.033             196.063             509.286            0.395181           0.0233486
         3     Sig96        95       479     Pad96             465.328             206.983             509.286             0.41853           0.0233486
         3     Sig97        96       480     Pad97             490.752             174.085             520.714            0.340882          -0.0776477
         3     Sig98        97       481     Pad98             486.649             185.247             520.714            0.363722           0.0228396
         3     Sig99        98       482     Pad99             482.291             196.312             520.714            0.386561           0.0228396
         3    Sig100        99       483    Pad100             477.682             207.275             520.714            0.409401           0.0228396
         3    Sig101       100       484    Pad101             502.805             174.251             532.143            0.333605           -0.075796
         3    Sig102       101       485    Pad102             498.785             185.445             532.143            0.355957           0.0223522
         3    Sig103       102       486    Pad103             494.515             196.547             532.143            0.378309           0.0223522
         3    Sig104       103       487    Pad104             489.999              207.55             532.143            0.400662           0.0223522
         3    Sig105       104       488    Pad105             514.832             174.407             543.571            0.326632          -0.0740298
         3    Sig106       105       489    Pad106             510.892             185.632             543.571            0.348517           0.0218852
         3    Sig107       106       490    Pad107             506.707             196.768             543.571            0.370402           0.0218852
         3    Sig108       107       491    Pad108              502.28             207.809             543.571            0.392287           0.0218852
         3    Sig109       108       492    Pad109             497.612             218.751             543.571            0.414173           0.0218852
         3    Sig110       109       493    Pad110             522.973             185.808                 555            0.341381          -0.0727913
         3    Sig111       110       494    Pad111              518.87             196.976                 555            0.362819           0.0214373
         3    Sig112       111       495    Pad112             514.528             208.053                 555            0.384256           0.0214373
         3    Sig113       112       496    Pad113              509.95             219.034                 555            0.405693           0.0214373
         3    Sig114       113       497    Pad114             535.028             185.974             566.429            0.334532          -0.0711614
         3    Sig115       114       498    Pad115             531.003             197.172             566.429            0.355539           0.0210074
         3    Sig116       115       499    Pad116             526.745             208.282             566.429            0.376547           0.0210074
         3    Sig117       116       500    Pad117             522.253             219.301             566.429            0.397554           0.0210074
         3    Sig118       117       501    Pad118             517.531             230.223             566.429            0.418562           0.0210074
         3    Sig119       118       502    Pad119              547.06             186.131             577.857            0.327952          -0.0906096
         3    Sig120       119       503    Pad120             543.111             197.357             577.857            0.348546           0.0205944
         3    Sig121       120       504    Pad121             538.931             208.499             577.857            0.369141           0.0205944
         3    Sig122       121       505    Pad122             534.523             219.553             577.857            0.389735           0.0205944
         3    Sig123       122       506    Pad123             529.889             230.514             577.857             0.41033           0.0205944
         3    Sig124       123       507    Pad124             559.069             186.279             589.286            0.321626          -0.0887037
         3    Sig125       124       508    Pad125             555.193             197.532             589.286            0.341823           0.0201973
         3    Sig126       125       509    Pad126              551.09             208.704             589.286             0.36202           0.0201973
         3    Sig127       126       510    Pad127             546.763             219.791             589.286            0.382218           0.0201973
         3    Sig128       127       511    Pad128             542.212             230.789             589.286            0.402415           0.0201973
