 Connector   PinName   Channel  PadIndex   PadName                   X                   Y              Radius                 Phi            DeltaPhi
         8    Sig128         0      1024      Pad1              80.241             90.1849             120.714            0.843679
         8    Sig127         1      1025      Pad2             84.6387             101.479             132.143            0.875636           0.0319566
         8    Sig126         2      1026      Pad3             90.4664             111.484             143.571            0.889096           0.0134601
         8    Sig125         3      1027      Pad4             96.2763             121.474                 155            0.900603           0.0115076
         8    Sig124         4      1028      Pad5             102.072             131.452             166.429            0.910553          0.00995001
         8    Sig123         5      1029      Pad6              111.06             123.952             166.429            0.840198          -0.0703554
         8    Sig122         6      1030      Pad7             107.857             141.422             177.857            0.919241           0.0790433
         8    Sig121         7      1031      Pad8             116.941             134.007             177.857            0.853301          -0.0659404
         8    Sig120         8      1032      Pad9             113.632             151.383             189.286            0.926892           0.0735916
         8    Sig119         9      1033     Pad10               122.8             144.046             189.286            0.864847          -0.0620452
         8    Sig118        10      1034     Pad11             128.642              154.07             200.714            0.875098           0.0102511
         8    Sig117        11      1035     Pad12             134.469             164.081             212.143             0.88426          0.00916181
         8    Sig116        12      1036     Pad13             140.284             174.082             223.571            0.892497          0.00823709
         8    Sig115        13      1037     Pad14             149.259             166.451             223.571            0.839797          -0.0526998
         8    Sig114        14      1038     Pad15             146.089             184.073                 235            0.899943           0.0601452
         8    Sig113        15      1039     Pad16             155.138             176.514                 235            0.849764          -0.0501792
         8    Sig112        16      1040     Pad17             151.885             194.057             246.429            0.906705           0.0569417
         8    Sig111        17      1041     Pad18                 161             186.564             246.429            0.858817          -0.0478883
         8    Sig110        18      1042     Pad19             157.673             204.033             257.857            0.912875           0.0540577
         8    Sig109        19      1043     Pad20             166.848             196.601             257.857            0.867077          -0.0457972
         8    Sig108        20      1044     Pad21             163.454             214.003             269.286            0.918525            0.051448
         8    Sig107        21      1045     Pad22             172.685             206.627             269.286            0.874645          -0.0438807
         8    Sig106        22      1046     Pad23             181.583             198.853             269.286            0.830764          -0.0438807
         8    Sig105        23      1047     Pad24              169.23             223.968             280.714            0.923721           0.0929565
         8    Sig104        24      1048     Pad25              178.51             216.644             280.714            0.881602          -0.0421181
         8    Sig103        25      1049     Pad26             187.474             208.935             280.714            0.839484          -0.0421181
         8    Sig102        26      1050     Pad27             175.001             233.928             292.143            0.928513           0.0890283
         8    Sig101        27      1051     Pad28             184.327             226.652             292.143            0.888021          -0.0404914
         8    Sig100        28      1052     Pad29             193.351             219.004             292.143             0.84753          -0.0404914
         8     Sig99        29      1053     Pad30             190.135             236.652             303.571            0.893962           0.0464316
         8     Sig98        30      1054     Pad31             199.215             229.061             303.571            0.854976          -0.0389856
         8     Sig97        31      1055     Pad32             195.937             246.645                 315            0.899475           0.0444987
         8     Sig96        32      1056     Pad33             205.067             239.108                 315            0.861887          -0.0375876
         8     Sig95        33      1057     Pad34             201.732             256.632             326.429            0.904605           0.0427181
         8     Sig94        34      1058     Pad35             210.909             249.145             326.429            0.868319          -0.0362863
         8     Sig93        35      1059     Pad36             219.809             241.329             326.429            0.832033          -0.0362863
         8     Sig92        36      1060     Pad37             207.521             266.613             337.857            0.909392            0.077359
         8     Sig91        37      1061     Pad38             216.742             259.173             337.857            0.874319          -0.0350721
         8     Sig90        38      1062     Pad39             225.696             251.413             337.857            0.839247          -0.0350721
         8     Sig89        39      1063     Pad40             213.305             276.589             349.286            0.913867           0.0746198
         8     Sig88        40      1064     Pad41             222.566             269.193             349.286            0.879931          -0.0339364
         8     Sig87        41      1065     Pad42             231.572             261.486             349.286            0.845994          -0.0339364
         8     Sig86        42      1066     Pad43             219.084             286.561             360.714            0.918061            0.072067
         8     Sig85        43      1067     Pad44             228.384             279.205             360.714             0.88519          -0.0328719
         8     Sig84        44      1068     Pad45             237.437             271.549             360.714            0.852318          -0.0328719
         8     Sig83        45      1069     Pad46             224.859             296.528             372.143               0.922           0.0696823
         8     Sig82        46      1070     Pad47             234.194             289.212             372.143            0.890128          -0.0318721
         8     Sig81        47      1071     Pad48             243.291             281.602             372.143            0.858256          -0.0318721
         8     Sig80        48      1072     Pad49              230.63             306.491             383.571            0.925706           0.0674497
         8     Sig79        49      1073     Pad50             239.999             299.212             383.571            0.894774          -0.0309313
         8     Sig78        50      1074     Pad51             249.137             291.646             383.571            0.863843          -0.0309313
         8     Sig77        51      1075     Pad52             258.038             283.802             383.571            0.832912          -0.0309313
         8     Sig76        52      1076     Pad53             236.398              316.45                 395            0.929198           0.0962865
         8     Sig75        53      1077     Pad54             245.798             309.206                 395            0.899154          -0.0300444
         8     Sig74        54      1078     Pad55             254.975             301.683                 395            0.869109          -0.0300444
         8     Sig73        55      1079     Pad56             263.923             293.887                 395            0.839065          -0.0300444
         8     Sig72        56      1080     Pad57             251.592             319.196             406.429            0.903289           0.0642238
         8     Sig71        57      1081     Pad58             260.806             311.712             406.429            0.874082          -0.0292069
         8     Sig70        58      1082     Pad59             269.797             303.963             406.429            0.844875          -0.0292069
         8     Sig69        59      1083     Pad60             257.381              329.18             417.857            0.907199           0.0623242
         8     Sig68        60      1084     Pad61              266.63             321.735             417.857            0.878784          -0.0284148
         8     Sig67        61      1085     Pad62             275.663              314.03             417.857            0.850369          -0.0284148
         8     Sig66        62      1086     Pad63             263.166              339.16             429.286            0.910903           0.0605332
         8     Sig65        63      1087     Pad64             272.447             331.751             429.286            0.883238          -0.0276646
         8     Sig64        64      1088     Pad65             281.519             324.088             429.286            0.855574          -0.0276646
         8     Sig63        65      1089     Pad66             268.948             349.136             440.714            0.914415           0.0588419
         8     Sig62        66      1090     Pad67             278.259             341.762             440.714            0.887463          -0.0269529
         8     Sig61        67      1091     Pad68             287.368             334.139             440.714             0.86051          -0.0269529
         8     Sig60        68      1092     Pad69             296.269             326.273             440.714            0.833557          -0.0269529
         8     Sig59        69      1093     Pad70             274.725             359.109             452.143            0.917752           0.0841949
         8     Sig58        70      1094     Pad71             284.066             351.767             452.143            0.891475          -0.0262769
         8     Sig57        71      1095     Pad72              293.21             344.182             452.143            0.865198          -0.0262769
         8     Sig56        72      1096     Pad73             302.152             336.359             452.143            0.838921          -0.0262769
         8     Sig55        73      1097     Pad74               280.5             369.078             463.571            0.920924           0.0820034
         8     Sig54        74      1098     Pad75             289.868             361.767             463.571            0.895291          -0.0256339
         8     Sig53        75      1099     Pad76             299.045             354.218             463.571            0.869657          -0.0256339
         8     Sig52        76      1100     Pad77             308.026             346.437             463.571            0.844023          -0.0256339
         8     Sig51        77      1101     Pad78             286.271             379.043                 475            0.923946           0.0799228
         8     Sig50        78      1102     Pad79             295.665             371.762                 475            0.898924          -0.0250217
         8     Sig49        79      1103     Pad80             304.874             364.249                 475            0.873902          -0.0250217
         8     Sig48        80      1104     Pad81             313.891             356.507                 475            0.848881          -0.0250217
         8     Sig47        81      1105     Pad82              292.04             389.006             486.429            0.926825           0.0779449
         8     Sig46        82      1106     Pad83             301.458             381.753             486.429            0.902387           -0.024438
         8     Sig45        83      1107     Pad84             310.697             374.273             486.429            0.877949           -0.024438
         8     Sig44        84      1108     Pad85             319.749             366.569             486.429            0.853512           -0.024438
         8     Sig43        85      1109     Pad86             328.611             358.647             486.429            0.829074           -0.024438
         8     Sig42        86      1110     Pad87             297.806             398.965             497.857            0.929574              0.1005
         8     Sig41        87      1111     Pad88             307.248              391.74             497.857            0.905693          -0.0238809
         8     Sig40        88      1112     Pad89             316.514             384.292             497.857            0.881812          -0.0238809
         8     Sig39        89      1113     Pad90             325.601             376.625             497.857            0.857931          -0.0238809
         8     Sig38        90      1114     Pad91             334.501             368.742             497.857             0.83405          -0.0238809
         8     Sig37        91      1115     Pad92             313.034             401.724             509.286            0.908851           0.0748007
         8     Sig36        92      1116     Pad93             322.327             394.306             509.286            0.885502          -0.0233486
         8     Sig35        93      1117     Pad94             331.445             386.673             509.286            0.862154          -0.0233486
         8     Sig34        94      1118     Pad95             340.382              378.83             509.286            0.838805          -0.0233486
         8     Sig33        95      1119     Pad96             318.816             411.703             520.714            0.911871           0.0730661
         8     Sig32        96      1120     Pad97             328.135             404.315             520.714            0.889032          -0.0228396
         8     Sig31        97      1121     Pad98             337.283             396.716             520.714            0.866192          -0.0228396
         8     Sig30        98      1122     Pad99             346.256             388.909             520.714            0.843353          -0.0228396
         8     Sig29        99      1123    Pad100             324.596             421.679             532.143            0.914762           0.0714099
         8     Sig28       100      1124    Pad101             333.939             414.319             532.143             0.89241          -0.0223522
         8     Sig27       101      1125    Pad102             343.116             406.752             532.143            0.870058          -0.0223522
         8     Sig26       102      1126    Pad103             352.122             398.982             532.143            0.847706          -0.0223522
         8     Sig25       103      1127    Pad104             330.373             431.652             543.571            0.917533           0.0698269
         8     Sig24       104      1128    Pad105             339.739             424.319             543.571            0.895647          -0.0218852
         8     Sig23       105      1129    Pad106             348.944             416.783             543.571            0.873762          -0.0218852
         8     Sig22       106      1130    Pad107             357.981             409.047             543.571            0.851877          -0.0218852
         8     Sig21       107      1131    Pad108             366.846             401.115             543.571            0.829992          -0.0218852
         8     Sig20       108      1132    Pad109             336.147             441.623                 555            0.920189           0.0901976
         8     Sig19       109      1133    Pad110             345.536             434.316                 555            0.898752          -0.0214373
         8     Sig18       110      1134    Pad111             354.766             426.809                 555            0.877315          -0.0214373
         8     Sig17       111      1135    Pad112             363.834             419.106                 555            0.855877          -0.0214373
         8     Sig16       112      1136    Pad113             372.734             411.211                 555             0.83444          -0.0214373
         8     Sig15       113      1137    Pad114             341.918              451.59             566.429             0.92274           0.0882995
         8     Sig14       114      1138    Pad115             351.329             444.308             566.429            0.901732          -0.0210074
         8     Sig13       115      1139    Pad116             360.584              436.83             566.429            0.880725          -0.0210074
         8     Sig12       116      1140    Pad117             369.681             429.159             566.429            0.859717          -0.0210074
         8     Sig11       117      1141    Pad118             378.614             421.299             566.429             0.83871          -0.0210074
         8     Sig10       118      1142    Pad119             347.687             461.555             577.857            0.925189           0.0864794
         8      Sig9       119      1143    Pad120             357.118             454.297             577.857            0.904595          -0.0205944
         8      Sig8       120      1144    Pad121             366.398             446.846             577.857            0.884001          -0.0205944
         8      Sig7       121      1145    Pad122             375.522             439.206             577.857            0.863406          -0.0205944
         8      Sig6       122      1146    Pad123             384.487              431.38             577.857            0.842812          -0.0205944
         8      Sig5       123      1147    Pad124             353.454             471.517             589.286            0.927545           0.0847327
         8      Sig4       124      1148    Pad125             362.905             464.282             589.286            0.907347          -0.0201973
         8      Sig3       125      1149    Pad126             372.207             456.858             589.286             0.88715          -0.0201973
         8      Sig2       126      1150    Pad127             381.358             449.248             589.286            0.866953          -0.0201973
         8      Sig1       127      1151    Pad128             390.353             441.455             589.286            0.846755          -0.0201973
