 Connector   PinName   Channel  PadIndex   PadName                   X                   Y              Radius                 Phi            DeltaPhi
         7    Sig128         0       896      Pad1             89.3887             81.1271             120.714            0.736986
         7    Sig127         1       897      Pad2             93.2307             93.6471             132.143            0.787626           0.0506408
         7    Sig126         2       898      Pad3             99.2131             103.776             143.571            0.807874           0.0202478
         7    Sig125         3       899      Pad4             105.153             113.876                 155            0.825202           0.0173282
         7    Sig124         4       900      Pad5             113.433             105.631                 155            0.749802          -0.0754009
         7    Sig123         5       901      Pad6             119.499             115.838             166.429            0.769843           0.0200411
         7    Sig122         6       902      Pad7             125.517             126.011             177.857             0.78736           0.0175178
         7    Sig121         7       903      Pad8             131.496             136.154             189.286            0.802802           0.0154416
         7    Sig120         8       904      Pad9             139.685             127.739             189.286            0.740757          -0.0620452
         7    Sig119         9       905     Pad10             137.442             146.273             200.714            0.816515           0.0757582
         7    Sig118        10       906     Pad11             145.771             137.975             200.714            0.757932          -0.0585833
         7    Sig117        11       907     Pad12             143.362             156.371             212.143            0.828774            0.070842
         7    Sig116        12       908     Pad13             151.813              148.18             212.143            0.773287          -0.0554864
         7    Sig115        13       909     Pad14              157.82             158.357             223.571            0.787098           0.0138103
         7    Sig114        14       910     Pad15             165.942             149.824             223.571            0.734398          -0.0526998
         7    Sig113        15       911     Pad16             163.796             168.511                 235            0.799584           0.0651864
         7    Sig112        16       912     Pad17             172.042             160.083                 235            0.749405          -0.0501792
         7    Sig111        17       913     Pad18             169.746             178.643             246.429            0.810929           0.0615235
         7    Sig110        18       914     Pad19             178.103             170.312             246.429             0.76304          -0.0478883
         7    Sig109        19       915     Pad20             175.674             188.756             257.857             0.82128             0.05824
         7    Sig108        20       916     Pad21             184.131             180.516             257.857            0.775483          -0.0457972
         7    Sig107        21       917     Pad22             192.203             171.897             257.857            0.729686          -0.0457972
         7    Sig106        22       918     Pad23             190.131             190.696             269.286            0.786883           0.0571973
         7    Sig105        23       919     Pad24             198.313             182.172             269.286            0.743003          -0.0438807
         7    Sig104        24       920     Pad25             196.105             200.856             280.714            0.797366           0.0543638
         7    Sig103        25       921     Pad26             204.388             192.421             280.714            0.755248          -0.0421181
         7    Sig102        26       922     Pad27             202.058             210.998             292.143            0.807039           0.0517903
         7    Sig101        27       923     Pad28             210.433             202.646             292.143            0.766547          -0.0404914
         7    Sig100        28       924     Pad29             207.991             221.123             303.571             0.81599           0.0494433
         7     Sig99        29       925     Pad30             216.452             212.848             303.571            0.777005          -0.0389856
         7     Sig98        30       926     Pad31             224.583              204.25             303.571            0.738019          -0.0389856
         7     Sig97        31       927     Pad32             213.907             231.233                 315              0.8243           0.0862802
         7     Sig96        32       928     Pad33             222.446             223.031                 315            0.786712          -0.0375876
         7     Sig95        33       929     Pad34              230.67             214.514                 315            0.749124          -0.0375876
         7     Sig94        34       930     Pad35             228.419             233.196             326.429            0.795746           0.0466219
         7     Sig93        35       931     Pad36             236.729             224.756             326.429             0.75946          -0.0362863
         7     Sig92        36       932     Pad37             234.373             243.345             337.857            0.804175           0.0447154
         7     Sig91        37       933     Pad38             242.762             234.977             337.857            0.769103          -0.0350721
         7     Sig90        38       934     Pad39             250.852              226.32             337.857            0.734031          -0.0350721
         7     Sig89        39       935     Pad40             240.311             253.478             349.286            0.812058           0.0780268
         7     Sig88        40       936     Pad41             248.773             245.179             349.286            0.778122          -0.0339364
         7     Sig87        41       937     Pad42             256.949             236.597             349.286            0.744185          -0.0339364
         7     Sig86        42       938     Pad43             246.233             263.598             360.714            0.819446           0.0752605
         7     Sig85        43       939     Pad44             254.763             255.363             360.714            0.786574          -0.0328719
         7     Sig84        44       940     Pad45             263.019             246.852             360.714            0.753702          -0.0328719
         7     Sig83        45       941     Pad46             252.142             273.706             372.143            0.826384           0.0726817
         7     Sig82        46       942     Pad47             260.736             265.532             372.143            0.794512          -0.0318721
         7     Sig81        47       943     Pad48             269.065             257.088             372.143             0.76264          -0.0318721
         7     Sig80        48       944     Pad49             277.121             248.384             372.143            0.730767          -0.0318721
         7     Sig79        49       945     Pad50             266.691             275.686             383.571             0.80198            0.071213
         7     Sig78        50       946     Pad51              275.09             267.306             383.571            0.771049          -0.0309313
         7     Sig77        51       947     Pad52             283.225             258.671             383.571            0.740118          -0.0309313
         7     Sig76        52       948     Pad53             272.632             285.827                 395            0.809021           0.0689027
         7     Sig75        53       949     Pad54             281.095             277.508                 395            0.778976          -0.0300444
         7     Sig74        54       950     Pad55             289.305             268.938                 395            0.748932          -0.0300444
         7     Sig73        55       951     Pad56             278.559             295.955             406.429            0.815668           0.0667362
         7     Sig72        56       952     Pad57             287.083             287.694             406.429            0.786461          -0.0292069
         7     Sig71        57       953     Pad58             295.362             279.187             406.429            0.757254          -0.0292069
         7     Sig70        58       954     Pad59             303.389             270.443             406.429            0.728047          -0.0292069
         7     Sig69        59       955     Pad60             284.473             306.071             417.857            0.821955           0.0939074
         7     Sig68        60       956     Pad61             293.054             297.865             417.857             0.79354          -0.0284148
         7     Sig67        61       957     Pad62             301.399             289.419             417.857            0.765125          -0.0284148
         7     Sig66        62       958     Pad63               309.5             280.739             417.857             0.73671          -0.0284148
         7     Sig65        63       959     Pad64             290.376             316.177             429.286            0.827909           0.0911989
         7     Sig64        64       960     Pad65             299.011             308.024             429.286            0.800244          -0.0276646
         7     Sig63        65       961     Pad66             307.417             299.635             429.286             0.77258          -0.0276646
         7     Sig62        66       962     Pad67             315.587             291.017             429.286            0.744915          -0.0276646
         7     Sig61        67       963     Pad68             304.954              318.17             440.714            0.806604           0.0616886
         7     Sig60        68       964     Pad69             313.418             309.836             440.714            0.779651          -0.0269529
         7     Sig59        69       965     Pad70             321.654             301.277             440.714            0.752698          -0.0269529
         7     Sig58        70       966     Pad71             310.885             328.304             452.143            0.812644           0.0599461
         7     Sig57        71       967     Pad72             319.403             320.023             452.143            0.786367          -0.0262769
         7     Sig56        72       968     Pad73             327.701             311.521             452.143            0.760091          -0.0262769
         7     Sig55        73       969     Pad74             335.773             302.803             452.143            0.733814          -0.0262769
         7     Sig54        74       970     Pad75             316.804             338.428             463.571            0.818389           0.0845752
         7     Sig53        75       971     Pad76             325.374             330.197             463.571            0.792755          -0.0256339
         7     Sig52        76       972     Pad77             333.731             321.749             463.571            0.767121          -0.0256339
         7     Sig51        77       973     Pad78             341.868             313.089             463.571            0.741487          -0.0256339
         7     Sig50        78       974     Pad79             322.713             348.542                 475            0.823859           0.0823718
         7     Sig49        79       975     Pad80             331.332             340.359                 475            0.798837          -0.0250217
         7     Sig48        80       976     Pad81             339.743             331.963                 475            0.773816          -0.0250217
         7     Sig47        81       977     Pad82             347.942             323.359                 475            0.748794          -0.0250217
         7     Sig46        82       978     Pad83             337.277              350.51             486.429            0.804636           0.0558417
         7     Sig45        83       979     Pad84             345.741             342.164             486.429            0.780198           -0.024438
         7     Sig44        84       980     Pad85             353.999             333.613             486.429             0.75576           -0.024438
         7     Sig43        85       981     Pad86             362.045             324.863             486.429            0.731322           -0.024438
         7     Sig42        86       982     Pad87             343.211              360.65             497.857            0.810169           0.0788478
         7     Sig41        87       983     Pad88             351.725             352.351             497.857            0.786289          -0.0238809
         7     Sig40        88       984     Pad89             360.038             343.852             497.857            0.762408          -0.0238809
         7     Sig39        89       985     Pad90             368.146             335.157             497.857            0.738527          -0.0238809
         7     Sig38        90       986     Pad91             349.134              370.78             509.286            0.815457           0.0769298
         7     Sig37        91       987     Pad92             357.695             362.528             509.286            0.792108          -0.0233486
         7     Sig36        92       988     Pad93             366.061             354.078             509.286            0.768759          -0.0233486
         7     Sig35        93       989     Pad94             374.228             345.435             509.286            0.745411          -0.0233486
         7     Sig34        94       990     Pad95             355.047               380.9             520.714            0.820513           0.0751023
         7     Sig33        95       991     Pad96             363.653             372.693             520.714            0.797673          -0.0228396
         7     Sig32        96       992     Pad97              372.07              364.29             520.714            0.774834          -0.0228396
         7     Sig31        97       993     Pad98             380.292             355.698             520.714            0.751994          -0.0228396
         7     Sig30        98       994     Pad99             388.316              346.92             520.714            0.729155          -0.0228396
         7     Sig29        99       995    Pad100             360.951             391.012             532.143            0.825354           0.0961988
         7     Sig28       100       996    Pad101               369.6             382.847             532.143            0.803001          -0.0223522
         7     Sig27       101       997    Pad102             378.065             374.491             532.143            0.780649          -0.0223522
         7     Sig26       102       998    Pad103              386.34             365.947             532.143            0.758297          -0.0223522
         7     Sig25       103       999    Pad104             394.423             357.221             532.143            0.735945          -0.0223522
         7     Sig24       104      1000    Pad105             375.536             392.991             543.571            0.808107           0.0721618
         7     Sig23       105      1001    Pad106             384.046             384.679             543.571            0.786221          -0.0218852
         7     Sig22       106      1002    Pad107             392.373             376.183             543.571            0.764336          -0.0218852
         7     Sig21       107      1003    Pad108             400.511             367.506             543.571            0.742451          -0.0218852
         7     Sig20       108      1004    Pad109             381.463             403.127                 555            0.813003           0.0705518
         7     Sig19       109      1005    Pad110             390.016             394.857                 555            0.791565          -0.0214373
         7     Sig18       110      1006    Pad111             398.391             386.406                 555            0.770128          -0.0214373
         7     Sig17       111      1007    Pad112             406.582             377.778                 555            0.748691          -0.0214373
         7     Sig16       112      1008    Pad113             414.587             368.975                 555            0.727253          -0.0214373
         7     Sig15       113      1009    Pad114              387.38             413.253             566.429            0.817703           0.0904491
         7     Sig14       114      1010    Pad115             395.975             405.025             566.429            0.796695          -0.0210074
         7     Sig13       115      1011    Pad116             404.396             396.617             566.429            0.775688          -0.0210074
         7     Sig12       116      1012    Pad117             412.638             388.035             566.429             0.75468          -0.0210074
         7     Sig11       117      1013    Pad118             420.698             379.282             566.429            0.733673          -0.0210074
         7     Sig10       118      1014    Pad119             393.289             423.371             577.857            0.822217           0.0885445
         7      Sig9       119      1015    Pad120             401.924             415.182             577.857            0.801623          -0.0205944
         7      Sig8       120      1016    Pad121             410.388             406.817             577.857            0.781029          -0.0205944
         7      Sig7       121      1017    Pad122             418.679              398.28             577.857            0.760434          -0.0205944
         7      Sig6       122      1018    Pad123             426.792             389.574             577.857             0.73984          -0.0205944
         7      Sig5       123      1019    Pad124             399.189             433.481             589.286            0.826558           0.0867182
         7      Sig4       124      1020    Pad125             407.862             425.331             589.286            0.806361          -0.0201973
         7      Sig3       125      1021    Pad126             416.369             417.007             589.286            0.786164          -0.0201973
         7      Sig2       126      1022    Pad127             424.706             408.513             589.286            0.765966          -0.0201973
         7      Sig1       127      1023    Pad128             432.869             399.852             589.286            0.745769          -0.0201973
