 Connector   PinName   Channel  PadIndex   PadName                   X                   Y              Radius                 Phi            DeltaPhi
         2      Sig1         0       256      Pad1             114.952             36.8493             120.714            0.310212
         2      Sig2         1       257      Pad2             127.716             33.9166             132.143            0.259571          -0.0506408
         2      Sig3         2       258      Pad3             139.479             34.0329             143.571            0.239323          -0.0202478
         2      Sig4         3       259      Pad4             151.196             34.1273                 155            0.221995          -0.0173282
         2      Sig5         4       260      Pad5             148.196             45.4199                 155            0.297396           0.0754009
         2      Sig6         5       261      Pad6             160.068             45.5702             166.429            0.277355          -0.0200411
         2      Sig7         6       262      Pad7             171.887             45.6956             177.857            0.259837          -0.0175178
         2      Sig8         7       263      Pad8             183.661             45.8014             189.286            0.244395          -0.0154416
         2      Sig9         8       264      Pad9             180.468             57.1013             189.286            0.306441           0.0620452
         2     Sig10         9       265     Pad10             195.397             45.8917             200.714            0.230682          -0.0757582
         2     Sig11        10       266     Pad11             192.375             57.2535             200.714            0.289266           0.0585833
         2     Sig12        11       267     Pad12             207.102             45.9695             212.143            0.218424           -0.070842
         2     Sig13        12       268     Pad13             204.234             57.3842             212.143             0.27391           0.0554864
         2     Sig14        13       269     Pad14             216.051             57.4974             223.571              0.2601          -0.0138103
         2     Sig15        14       270     Pad15             212.723             68.7982             223.571              0.3128           0.0526998
         2     Sig16        15       271     Pad16             227.833             57.5963                 235            0.247613          -0.0651864
         2     Sig17        16       272     Pad17             224.657             68.9515                 235            0.297792           0.0501792
         2     Sig18        17       273     Pad18             239.582             57.6832             246.429            0.236269          -0.0615235
         2     Sig19        18       274     Pad19             236.546             69.0859             246.429            0.284157           0.0478883
         2     Sig20        19       275     Pad20             251.305             57.7601             257.857            0.225917            -0.05824
         2     Sig21        20       276     Pad21             248.397             69.2046             257.857            0.271714           0.0457972
         2     Sig22        21       277     Pad22             244.968             80.5039             257.857            0.317512           0.0457972
         2     Sig23        22       278     Pad23             260.213             69.3099             269.286            0.260314          -0.0571973
         2     Sig24        23       279     Pad24             256.922             80.6579             269.286            0.304195           0.0438807
         2     Sig25        24       280     Pad25             271.999             69.4039             280.714            0.249831          -0.0543638
         2     Sig26        25       281     Pad26             268.836             80.7951             280.714            0.291949           0.0421181
         2     Sig27        26       282     Pad27             283.758             69.4882             292.143            0.240159          -0.0517903
         2     Sig28        27       283     Pad28             280.713             80.9179             292.143             0.28065           0.0404914
         2     Sig29        28       284     Pad29             295.494             69.5642             303.571            0.231207          -0.0494433
         2     Sig30        29       285     Pad30             292.558             81.0284             303.571            0.270193           0.0389856
         2     Sig31        30       286     Pad31             289.177             92.3695             303.571            0.309178           0.0389856
         2     Sig32        31       287     Pad32             307.207             69.6329                 315            0.222898          -0.0862802
         2     Sig33        32       288     Pad33             304.373             81.1282                 315            0.260486           0.0375876
         2     Sig34        33       289     Pad34              301.11             92.5089                 315            0.298073           0.0375876
         2     Sig35        34       290     Pad35             316.163             81.2187             326.429            0.251451          -0.0466219
         2     Sig36        35       291     Pad36             313.009             92.6351             326.429            0.287738           0.0362863
         2     Sig37        36       292     Pad37             327.929              81.301             337.857            0.243022          -0.0447154
         2     Sig38        37       293     Pad38             324.877             92.7498             337.857            0.278094           0.0350721
         2     Sig39        38       294     Pad39             321.425             104.085             337.857            0.313166           0.0350721
         2     Sig40        39       295     Pad40             339.674             81.3761             349.286             0.23514          -0.0780268
         2     Sig41        40       296     Pad41             336.717             92.8544             349.286            0.269076           0.0339364
         2     Sig42        41       297     Pad42             333.373             104.226             349.286            0.303012           0.0339364
         2     Sig43        42       298     Pad43             351.399             81.4449             360.714            0.227752          -0.0752605
         2     Sig44        43       299     Pad44             348.533               92.95             360.714            0.260624           0.0328719
         2     Sig45        44       300     Pad45              345.29             104.355             360.714            0.293496           0.0328719
         2     Sig46        45       301     Pad46             363.107             81.5081             372.143            0.220814          -0.0726817
         2     Sig47        46       302     Pad47             360.325             93.0378             372.143            0.252686           0.0318721
         2     Sig48        47       303     Pad48             357.177             104.473             372.143            0.284558           0.0318721
         2     Sig49        48       304     Pad49             353.667             115.802             372.143             0.31643           0.0318721
         2     Sig50        49       305     Pad50             372.097             93.1185             383.571            0.245217           -0.071213
         2     Sig51        50       306     Pad51             369.039             104.582             383.571            0.276148           0.0309313
         2     Sig52        51       307     Pad52             365.628             115.945             383.571             0.30708           0.0309313
         2     Sig53        52       308     Pad53             383.849             93.1929                 395            0.238177          -0.0689027
         2     Sig54        53       309     Pad54             380.876             104.682                 395            0.268221           0.0300444
         2     Sig55        54       310     Pad55              377.56             116.076                 395            0.298266           0.0300444
         2     Sig56        55       311     Pad56             395.584             93.2618             406.429             0.23153          -0.0667362
         2     Sig57        56       312     Pad57             392.691             104.774             406.429            0.260737           0.0292069
         2     Sig58        57       313     Pad58             389.464             116.197             406.429            0.289943           0.0292069
         2     Sig59        58       314     Pad59             385.905             127.521             406.429             0.31915           0.0292069
         2     Sig60        59       315     Pad60             407.302             93.3256             417.857            0.225243          -0.0939074
         2     Sig61        60       316     Pad61             404.486              104.86             417.857            0.253658           0.0284148
         2     Sig62        61       317     Pad62             401.344             116.309             417.857            0.282073           0.0284148
         2     Sig63        62       318     Pad63             397.877             127.665             417.857            0.310488           0.0284148
         2     Sig64        63       319     Pad64             419.005             93.3848             429.286            0.219289          -0.0911989
         2     Sig65        64       320     Pad65             416.262             104.939             429.286            0.246953           0.0276646
         2     Sig66        65       321     Pad66               413.2             116.413             429.286            0.274618           0.0276646
         2     Sig67        66       322     Pad67             409.822             127.798             429.286            0.302282           0.0276646
         2     Sig68        67       323     Pad68              428.02             105.013             440.714            0.240594          -0.0616886
         2     Sig69        68       324     Pad69             425.035              116.51             440.714            0.267547           0.0269529
         2     Sig70        69       325     Pad70              421.74             127.922             440.714            0.294499           0.0269529
         2     Sig71        70       326     Pad71             439.762             105.082             452.143            0.234553          -0.0599461
         2     Sig72        71       327     Pad72              436.85               116.6             452.143             0.26083           0.0262769
         2     Sig73        72       328     Pad73             433.635             128.037             452.143            0.287107           0.0262769
         2     Sig74        73       329     Pad74             430.122             139.386             452.143            0.313384           0.0262769
         2     Sig75        74       330     Pad75             451.489             105.146             463.571            0.228809          -0.0845752
         2     Sig76        75       331     Pad76             448.646             116.684             463.571            0.254443           0.0256339
         2     Sig77        76       332     Pad77             445.508             128.145             463.571            0.280077           0.0256339
         2     Sig78        77       333     Pad78             442.077             139.521             463.571             0.30571           0.0256339
         2     Sig79        78       334     Pad79             463.203             105.206                 475            0.223339          -0.0823718
         2     Sig80        79       335     Pad80             460.425             116.762                 475             0.24836           0.0250217
         2     Sig81        80       336     Pad81              457.36             128.245                 475            0.273382           0.0250217
         2     Sig82        81       337     Pad82             454.008             139.648                 475            0.298404           0.0250217
         2     Sig83        82       338     Pad83             472.189             116.835             486.429            0.242562          -0.0558417
         2     Sig84        83       339     Pad84             469.193             128.339             486.429               0.267            0.024438
         2     Sig85        84       340     Pad85             465.917             139.765             486.429            0.291438            0.024438
         2     Sig86        85       341     Pad86             462.362             151.109             486.429            0.315876            0.024438
         2     Sig87        86       342     Pad87             483.937             116.904             497.857            0.237028          -0.0788478
         2     Sig88        87       343     Pad88             481.008             128.427             497.857            0.260909           0.0238809
         2     Sig89        88       344     Pad89             477.804             139.876             497.857             0.28479           0.0238809
         2     Sig90        89       345     Pad90             474.328             151.245             497.857            0.308671           0.0238809
         2     Sig91        90       346     Pad91             495.671             116.969             509.286            0.231741          -0.0769298
         2     Sig92        91       347     Pad92             492.806             128.509             509.286             0.25509           0.0233486
         2     Sig93        92       348     Pad93             489.671             139.979             509.286            0.278438           0.0233486
         2     Sig94        93       349     Pad94              486.27             151.373             509.286            0.301787           0.0233486
         2     Sig95        94       350     Pad95             507.393              117.03             520.714            0.226685          -0.0751023
         2     Sig96        95       351     Pad96             504.588             128.587             520.714            0.249524           0.0228396
         2     Sig97        96       352     Pad97              501.52             140.077             520.714            0.272364           0.0228396
         2     Sig98        97       353     Pad98              498.19             151.494             520.714            0.295203           0.0228396
         2     Sig99        98       354     Pad99               494.6             162.832             520.714            0.318043           0.0228396
         2    Sig100        99       355    Pad100             519.102             117.087             532.143            0.221844          -0.0961988
         2    Sig101       100       356    Pad101             516.355              128.66             532.143            0.244196           0.0223522
         2    Sig102       101       357    Pad102             513.351             140.168             532.143            0.266548           0.0223522
         2    Sig103       102       358    Pad103              510.09             151.607             532.143            0.288901           0.0223522
         2    Sig104       103       359    Pad104             506.574              162.97             532.143            0.311253           0.0223522
         2    Sig105       104       360    Pad105             528.109             128.728             543.571            0.239091          -0.0721618
         2    Sig106       105       361    Pad106             525.165             140.254             543.571            0.260976           0.0218852
         2    Sig107       106       362    Pad107              521.97             151.713             543.571            0.282861           0.0218852
         2    Sig108       107       363    Pad108             518.525             163.099             543.571            0.304747           0.0218852
         2    Sig109       108       364    Pad109             539.849             128.793                 555            0.234195          -0.0705518
         2    Sig110       109       365    Pad110             536.965             140.336                 555            0.255632           0.0214373
         2    Sig111       110       366    Pad111             533.833             151.814                 555            0.277069           0.0214373
         2    Sig112       111       367    Pad112             530.456             163.222                 555            0.298507           0.0214373
         2    Sig113       112       368    Pad113             526.835             174.555                 555            0.319944           0.0214373
         2    Sig114       113       369    Pad114             551.578             128.854             566.429            0.229495          -0.0904491
         2    Sig115       114       370    Pad115             548.749             140.412             566.429            0.250502           0.0210074
         2    Sig116       115       371    Pad116             545.679             151.908             566.429             0.27151           0.0210074
         2    Sig117       116       372    Pad117             542.367             163.337             566.429            0.292517           0.0210074
         2    Sig118       117       373    Pad118             538.817             174.694             566.429            0.313525           0.0210074
         2    Sig119       118       374    Pad119             563.294             128.912             577.857             0.22498          -0.0885445
         2    Sig120       119       375    Pad120              560.52             140.485             577.857            0.245575           0.0205944
         2    Sig121       120       376    Pad121             557.508             151.998             577.857            0.266169           0.0205944
         2    Sig122       121       377    Pad122              554.26             163.446             577.857            0.286763           0.0205944
         2    Sig123       122       378    Pad123             550.777             174.826             577.857            0.307358           0.0205944
         2    Sig124       123       379    Pad124                 575             128.967             589.286            0.220639          -0.0867182
         2    Sig125       124       380    Pad125             572.278             140.554             589.286            0.240837           0.0201973
         2    Sig126       125       381    Pad126             569.323             152.083             589.286            0.261034           0.0201973
         2    Sig127       126       382    Pad127             566.135              163.55             589.286            0.281231           0.0201973
         2    Sig128       127       383    Pad128             562.717              174.95             589.286            0.301429           0.0201973
