 Connector   PinName   Channel  PadIndex   PadName                   X                   Y              Radius                 Phi            DeltaPhi
         4      Sig1         0       512      Pad1             119.804              55.757             132.143             0.43559
         4      Sig2         1       513      Pad2             127.148             66.6785             143.571            0.482988           0.0473984
         4      Sig3         2       514      Pad3             139.691              67.168                 155            0.448198          -0.0347901
         4      Sig4         3       515      Pad4             146.969             78.0936             166.429            0.488421           0.0402232
         4      Sig5         4       516      Pad5             159.554             78.5859             177.857            0.457658          -0.0307627
         4      Sig6         5       517      Pad6             172.012              78.999             189.286            0.430531          -0.0271273
         4      Sig7         6       518      Pad7             166.783             89.5127             189.286            0.492576           0.0620452
         4      Sig8         7       519      Pad8             179.401             90.0076             200.714            0.465016          -0.0275607
         4      Sig9         8       520      Pad9             173.824             100.357             200.714            0.523599           0.0585833
         4     Sig10         9       521     Pad10             191.903             90.4309             212.143            0.440369          -0.0832296
         4     Sig11        10       522     Pad11             186.593             100.934             212.143            0.495856           0.0554864
         4     Sig12        11       523     Pad12             199.238             101.432             223.571            0.470899          -0.0249566
         4     Sig13        12       524     Pad13             211.775             101.863                 235             0.44833           -0.022569
         4     Sig14        13       525     Pad14               206.4             112.357                 235            0.498509           0.0501792
         4     Sig15        14       526     Pad15             224.218             102.241             246.429            0.427822           -0.070687
         4     Sig16        15       527     Pad16             219.067             112.857             246.429             0.47571           0.0478883
         4     Sig17        16       528     Pad17             213.413             123.214             246.429            0.523599           0.0478883
         4     Sig18        17       529     Pad18             231.634             113.296             257.857            0.454903          -0.0686957
         4     Sig19        18       530     Pad19             226.204             123.782             257.857              0.5007           0.0457972
         4     Sig20        19       531     Pad20             244.112             113.684             269.286            0.435837          -0.0648629
         4     Sig21        20       532     Pad21              238.89             124.283             269.286            0.479718           0.0438807
         4     Sig22        21       533     Pad22             251.482             124.729             280.714            0.460422          -0.0192964
         4     Sig23        22       534     Pad23             246.007             135.207             280.714             0.50254           0.0421181
         4     Sig24        23       535     Pad24              263.99             125.126             292.143            0.442616          -0.0599237
         4     Sig25        24       536     Pad25             258.709              135.71             292.143            0.483107           0.0404914
         4     Sig26        25       537     Pad26             253.003             146.071             292.143            0.523599           0.0404914
         4     Sig27        26       538     Pad27             276.423             125.483             303.571            0.426135          -0.0974639
         4     Sig28        27       539     Pad28             271.322             136.161             303.571             0.46512           0.0389856
         4     Sig29        28       540     Pad29             265.809             146.633             303.571            0.504106           0.0389856
         4     Sig30        29       541     Pad30             283.856             136.567                 315            0.448424          -0.0556824
         4     Sig31        30       542     Pad31             278.524             147.137                 315            0.486011           0.0375876
         4     Sig32        31       543     Pad32             272.798               157.5                 315            0.523599           0.0375876
         4     Sig33        32       544     Pad33             296.319             136.933             326.429            0.432883          -0.0907158
         4     Sig34        33       545     Pad34             291.156             147.593             326.429            0.469169           0.0362863
         4     Sig35        34       546     Pad35              285.61             158.059             326.429            0.505456           0.0362863
         4     Sig36        35       547     Pad36             303.713             148.006             337.857            0.453455           -0.052001
         4     Sig37        36       548     Pad37             298.336             158.565             337.857            0.488527           0.0350721
         4     Sig38        37       549     Pad38             316.201             148.382             349.286            0.438758          -0.0497689
         4     Sig39        38       550     Pad39             310.985             159.025             349.286            0.472694           0.0339364
         4     Sig40        39       551     Pad40              305.41             169.485             349.286            0.506631           0.0339364
         4     Sig41        40       552     Pad41             328.627             148.724             360.714            0.424983          -0.0816475
         4     Sig42        41       553     Pad42             323.562             159.445             360.714            0.457855           0.0328719
         4     Sig43        42       554     Pad43             318.147             169.993             360.714            0.490727           0.0328719
         4     Sig44        43       555     Pad44             312.388             180.357             360.714            0.523599           0.0328719
         4     Sig45        44       556     Pad45             336.073             159.828             372.143            0.443919          -0.0796802
         4     Sig46        45       557     Pad46             330.809             170.457             372.143            0.475791           0.0318721
         4     Sig47        46       558     Pad47             325.209             180.912             372.143            0.507663           0.0318721
         4     Sig48        47       559     Pad48             348.524              160.18             383.571            0.430805          -0.0768578
         4     Sig49        48       560     Pad49             343.404             170.882             383.571            0.461736           0.0309313
         4     Sig50        49       561     Pad50             337.955             181.421             383.571            0.492667           0.0309313
         4     Sig51        50       562     Pad51             355.936             171.273                 395            0.448488          -0.0441797
         4     Sig52        51       563     Pad52              350.63             181.888                 395            0.478532           0.0300444
         4     Sig53        52       564     Pad53             345.008             192.339                 395            0.508577           0.0300444
         4     Sig54        53       565     Pad54              368.41             171.634             406.429            0.435978          -0.0725986
         4     Sig55        54       566     Pad55             363.241             182.319             406.429            0.465185           0.0292069
         4     Sig56        55       567     Pad56             357.762             192.849             406.429            0.494392           0.0292069
         4     Sig57        56       568     Pad57             351.977             203.214             406.429            0.523599           0.0292069
         4     Sig58        57       569     Pad58             380.831             171.966             417.857            0.424147          -0.0994519
         4     Sig59        58       570     Pad59             375.791             182.717             417.857            0.452562           0.0284148
         4     Sig60        59       571     Pad60             370.449              193.32             417.857            0.480977           0.0284148
         4     Sig61        60       572     Pad61             364.807             203.766             417.857            0.509391           0.0284148
         4     Sig62        61       573     Pad62             388.286             183.085             429.286            0.440605          -0.0687863
         4     Sig63        62       574     Pad63             383.073             193.755             429.286             0.46827           0.0276646
         4     Sig64        63       575     Pad64             377.567             204.277             429.286            0.495934           0.0276646
         4     Sig65        64       576     Pad65             400.729             183.426             440.714            0.429264          -0.0666705
         4     Sig66        65       577     Pad66             395.641             194.159             440.714            0.456217           0.0269529
         4     Sig67        66       578     Pad67             390.264             204.751             440.714            0.483169           0.0269529
         4     Sig68        67       579     Pad68             384.605             215.194             440.714            0.510122           0.0269529
         4     Sig69        68       580     Pad69             408.154             194.534             452.143            0.444768          -0.0653541
         4     Sig70        69       581     Pad70             402.902              205.19             452.143            0.471045           0.0262769
         4     Sig71        70       582     Pad71             397.372             215.705             452.143            0.497322           0.0262769
         4     Sig72        71       583     Pad72             420.618             194.883             463.571             0.43388          -0.0634418
         4     Sig73        72       584     Pad73             415.484               205.6             463.571            0.459514           0.0256339
         4     Sig74        73       585     Pad74             410.078             216.182             463.571            0.485148           0.0256339
         4     Sig75        74       586     Pad75             404.402             226.621             463.571            0.510782           0.0256339
         4     Sig76        75       587     Pad76             433.034             195.208                 475            0.423512          -0.0872697
         4     Sig77        76       588     Pad77             428.015             205.981                 475            0.448534           0.0250217
         4     Sig78        77       589     Pad78             422.727             216.625                 475            0.473555           0.0250217
         4     Sig79        78       590     Pad79             417.175             227.134                 475            0.498577           0.0250217
         4     Sig80        79       591     Pad80             411.362               237.5                 475            0.523599           0.0250217
         4     Sig81        80       592     Pad81             440.497             206.338             486.429            0.438066          -0.0855329
         4     Sig82        81       593     Pad82             435.323              217.04             486.429            0.462504            0.024438
         4     Sig83        82       594     Pad83              429.89             227.612             486.429            0.486942            0.024438
         4     Sig84        83       595     Pad84               424.2             238.049             486.429             0.51138            0.024438
         4     Sig85        84       596     Pad85             452.934             206.671             497.857            0.428075          -0.0833046
         4     Sig86        85       597     Pad86              447.87             217.427             497.857            0.451956           0.0238809
         4     Sig87        86       598     Pad87              442.55              228.06             497.857            0.475837           0.0238809
         4     Sig88        87       599     Pad88             436.978             238.562             497.857            0.499718           0.0238809
         4     Sig89        88       600     Pad89             431.157             248.929             497.857            0.523599           0.0238809
         4     Sig90        89       601     Pad90             460.369              217.79             509.286            0.441879          -0.0817202
         4     Sig91        90       602     Pad91             455.159             228.479             509.286            0.465227           0.0233486
         4     Sig92        91       603     Pad92               449.7             239.043             509.286            0.488576           0.0233486
         4     Sig93        92       604     Pad93             443.997             249.477             509.286            0.511924           0.0233486
         4     Sig94        93       605     Pad94             472.824             218.131             520.714            0.432241          -0.0796839
         4     Sig95        94       606     Pad95             467.719             228.872             520.714             0.45508           0.0228396
         4     Sig96        95       607     Pad96              462.37             239.494             520.714             0.47792           0.0228396
         4     Sig97        96       608     Pad97              456.78             249.991             520.714            0.500759           0.0228396
         4     Sig98        97       609     Pad98             450.952             260.357             520.714            0.523599           0.0228396
         4     Sig99        98       610     Pad99             485.238              218.45             532.143            0.423014           -0.100585
         4    Sig100        99       611    Pad100             480.234             229.241             532.143            0.445366           0.0223522
         4    Sig101       100       612    Pad101              474.99             239.917             532.143            0.467718           0.0223522
         4    Sig102       101       613    Pad102             469.509             250.473             532.143             0.49007           0.0223522
         4    Sig103       102       614    Pad103             463.794             260.904             532.143            0.512423           0.0223522
         4    Sig104       103       615    Pad104             492.706             229.588             543.571            0.436058          -0.0763648
         4    Sig105       104       616    Pad105             487.564             240.315             543.571            0.457943           0.0218852
         4    Sig106       105       617    Pad106             482.188             250.927             543.571            0.479828           0.0218852
         4    Sig107       106       618    Pad107             476.582             261.419             543.571            0.501714           0.0218852
         4    Sig108       107       619    Pad108             470.747             271.786             543.571            0.523599           0.0218852
         4    Sig109       108       620    Pad109             505.138             229.915                 555            0.427131           -0.096468
         4    Sig110       109       621    Pad110             500.093              240.69                 555            0.448568           0.0214373
         4    Sig111       110       622    Pad111             494.819             251.355                 555            0.470005           0.0214373
         4    Sig112       111       623    Pad112             489.317             261.904                 555            0.491443           0.0214373
         4    Sig113       112       624    Pad113             483.591             272.332                 555             0.51288           0.0214373
         4    Sig114       113       625    Pad114             512.581             241.043             566.429            0.439569           -0.073311
         4    Sig115       114       626    Pad115             507.405             251.757             566.429            0.460577           0.0210074
         4    Sig116       115       627    Pad116             502.004              262.36             566.429            0.481584           0.0210074
         4    Sig117       116       628    Pad117             496.382             272.848             566.429            0.502591           0.0210074
         4    Sig118       117       629    Pad118              525.03             241.377             577.857            0.430924          -0.0716673
         4    Sig119       118       630    Pad119             519.948             252.138             577.857            0.451518           0.0205944
         4    Sig120       119       631    Pad120             514.645             262.792             577.857            0.472113           0.0205944
         4    Sig121       120       632    Pad121             509.124             273.334             577.857            0.492707           0.0205944
         4    Sig122       121       633    Pad122             503.388              283.76             577.857            0.513302           0.0205944
         4    Sig123       122       634    Pad123             537.441             241.692             589.286            0.422612          -0.0906892
         4    Sig124       123       635    Pad124              532.45             252.497             589.286             0.44281           0.0201973
         4    Sig125       124       636    Pad125             527.242             263.199             589.286            0.463007           0.0201973
         4    Sig126       125       637    Pad126             521.819             273.793             589.286            0.483204           0.0201973
         4    Sig127       126       638    Pad127             516.183             284.276             589.286            0.503401           0.0201973
         4    Sig128       127       639    Pad128             510.336             294.643             589.286            0.523599           0.0201973
