 Connector   PinName   Channel  PadIndex   PadName                   X                   Y              Radius                 Phi            DeltaPhi
         5    Sig128         0       640      Pad1             104.542             60.3571             120.714            0.523599
         5    Sig127         1       641      Pad2             108.189             75.8744             132.143            0.611608           0.0880092
         5    Sig126         2       642      Pad3             114.439             66.0714             132.143            0.523599          -0.0880092
         5    Sig125         3       643      Pad4              121.32             76.7745             143.571             0.56421           0.0406108
         5    Sig124         4       644      Pad5             128.015             87.3916                 155               0.599           0.0347901
         5    Sig123         5       645      Pad6             134.234                77.5                 155            0.523599          -0.0754009
         5    Sig122         6       646      Pad7             141.116              88.232             166.429            0.558776           0.0351777
         5    Sig121         7       647      Pad8             147.834             98.8847             177.857            0.589539           0.0307627
         5    Sig120         8       648      Pad9             154.029             88.9286             177.857            0.523599          -0.0659404
         5    Sig119         9       649     Pad10             154.421             109.468             189.286            0.616667           0.0930678
         5    Sig118        10       650     Pad11             160.912             99.6819             189.286            0.554621          -0.0620452
         5    Sig117        11       651     Pad12              167.65             110.362             200.714            0.582182           0.0275607
         5    Sig116        12       652     Pad13             174.267             120.978             212.143            0.606828           0.0246463
         5    Sig115        13       653     Pad14             180.708             111.127             212.143            0.551342          -0.0554864
         5    Sig114        14       654     Pad15             187.461             121.829             223.571            0.576299           0.0249566
         5    Sig113        15       655     Pad16             193.619             111.786             223.571            0.523599          -0.0526998
         5    Sig112        16       656     Pad17             194.104             132.471                 235            0.598868           0.0752688
         5    Sig111        17       657     Pad18             200.504             122.569                 235            0.548688          -0.0501792
         5    Sig110        18       658     Pad19             200.652             143.058             246.429            0.619375            0.070687
         5    Sig109        19       659     Pad20              207.27             133.289             246.429            0.571487          -0.0478883
         5    Sig108        20       660     Pad21             213.934             143.953             257.857            0.592295           0.0208074
         5    Sig107        21       661     Pad22               220.3             134.008             257.857            0.546497          -0.0457972
         5    Sig106        22       662     Pad23             220.509             154.565             269.286             0.61136           0.0648629
         5    Sig105        23       663     Pad24             227.077             144.743             269.286             0.56748          -0.0438807
         5    Sig104        24       664     Pad25             233.208             134.643             269.286            0.523599          -0.0438807
         5    Sig103        25       665     Pad26             233.759             155.426             280.714            0.586776           0.0631771
         5    Sig102        26       666     Pad27             240.096             145.445             280.714            0.544658          -0.0421181
         5    Sig101        27       667     Pad28             240.358             166.059             292.143            0.604582           0.0599237
         5    Sig100        28       668     Pad29             246.883             156.193             292.143             0.56409          -0.0404914
         5     Sig99        29       669     Pad30             246.883             176.648             303.571            0.621063           0.0569725
         5     Sig98        30       670     Pad31              253.58             166.891             303.571            0.582077          -0.0389856
         5     Sig97        31       671     Pad32             259.892             156.881             303.571            0.543092          -0.0389856
         5     Sig96        32       672     Pad33             260.199             177.543                 315            0.598774           0.0556824
         5     Sig95        33       673     Pad34             266.687              167.64                 315            0.561186          -0.0375876
         5     Sig94        34       674     Pad35             266.747             188.153             326.429            0.614315           0.0531282
         5     Sig93        35       675     Pad36             273.398             178.352             326.429            0.578028          -0.0362863
         5     Sig92        36       676     Pad37             279.688             168.316             326.429            0.541742          -0.0362863
         5     Sig91        37       677     Pad38             280.034              189.02             337.857            0.593743            0.052001
         5     Sig90        38       678     Pad39             286.489             179.084             337.857            0.558671          -0.0350721
         5     Sig89        39       679     Pad40             292.593             168.929             337.857            0.523599          -0.0350721
         5     Sig88        40       680     Pad41             286.603             199.647             349.286             0.60844            0.084841
         5     Sig87        41       681     Pad42             293.212             189.808             349.286            0.574503          -0.0339364
         5     Sig86        42       682     Pad43             299.484              179.75             349.286            0.540567          -0.0339364
         5     Sig85        43       683     Pad44             293.113             210.237             360.714            0.622214           0.0816475
         5     Sig84        44       684     Pad45             299.864              200.49             360.714            0.589343          -0.0328719
         5     Sig83        45       685     Pad46             306.291             190.527             360.714            0.556471          -0.0328719
         5     Sig82        46       686     Pad47             306.452             211.134             372.143            0.603279           0.0468084
         5     Sig81        47       687     Pad48             313.025             201.261             372.143            0.571407          -0.0318721
         5     Sig80        48       688     Pad49             319.279             191.184             372.143            0.539535          -0.0318721
         5     Sig79        49       689     Pad50             312.982             221.741             383.571            0.616393           0.0768578
         5     Sig78        50       690     Pad51              319.69             211.955             383.571            0.585461          -0.0309313
         5     Sig77        51       691     Pad52             326.092             201.967             383.571             0.55453          -0.0309313
         5     Sig76        52       692     Pad53             332.183             191.786             383.571            0.523599          -0.0309313
         5     Sig75        53       693     Pad54             326.295             222.613                 395             0.59871            0.075111
         5     Sig74        54       694     Pad55             332.835             212.711                 395            0.568665          -0.0300444
         5     Sig73        55       695     Pad56             339.075             202.616                 395            0.538621          -0.0300444
         5     Sig72        56       696     Pad57             332.844             233.236             406.429             0.61122           0.0725986
         5     Sig71        57       697     Pad58             339.513             223.416             406.429            0.582013          -0.0292069
         5     Sig70        58       698     Pad59             345.893             213.406             406.429            0.552806          -0.0292069
         5     Sig69        59       699     Pad60             339.343             243.826             417.857            0.623051            0.070245
         5     Sig68        60       700     Pad61             346.133             234.087             417.857            0.594636          -0.0284148
         5     Sig67        61       701     Pad62             352.644             224.158             417.857            0.566221          -0.0284148
         5     Sig66        62       702     Pad63              358.87             214.049             417.857            0.537806          -0.0284148
         5     Sig65        63       703     Pad64             352.699             244.723             429.286            0.606592           0.0687863
         5     Sig64        64       704     Pad65             359.333             234.874             429.286            0.578928          -0.0276646
         5     Sig63        65       705     Pad66             365.693             224.844             429.286            0.551263          -0.0276646
         5     Sig62        66       706     Pad67             371.772             214.643             429.286            0.523599          -0.0276646
         5     Sig61        67       707     Pad68             359.216             255.329             440.714            0.617934            0.094335
         5     Sig60        68       708     Pad69             365.967             245.555             440.714            0.590981          -0.0269529
         5     Sig59        69       709     Pad70             372.451             235.604             440.714            0.564028          -0.0269529
         5     Sig58        70       710     Pad71             378.666             225.481             440.714            0.537075          -0.0269529
         5     Sig57        71       711     Pad72             372.548             256.205             452.143            0.602429           0.0653541
         5     Sig56        72       712     Pad73             379.151             246.328             452.143            0.576152          -0.0262769
         5     Sig55        73       713     Pad74             385.492             236.281             452.143            0.549876          -0.0262769
         5     Sig54        74       714     Pad75             391.567             226.071             452.143            0.523599          -0.0262769
         5     Sig53        75       715     Pad76             379.082             266.824             463.571            0.613317           0.0897187
         5     Sig52        76       716     Pad77             385.797              257.02             463.571            0.587684          -0.0256339
         5     Sig51        77       717     Pad78             392.258             247.047             463.571             0.56205          -0.0256339
         5     Sig50        78       718     Pad79             398.461             236.912             463.571            0.536416          -0.0256339
         5     Sig49        79       719     Pad80             385.572             277.415                 475            0.623685           0.0872697
         5     Sig48        80       720     Pad81             392.392             267.681                 475            0.598664          -0.0250217
         5     Sig47        81       721     Pad82             398.967              257.78                 475            0.573642          -0.0250217
         5     Sig46        82       722     Pad83             405.291             247.718                 475             0.54862          -0.0250217
         5     Sig45        83       723     Pad84             398.942             278.313             486.429            0.609132           0.0605113
         5     Sig44        84       724     Pad85             405.624             268.481             486.429            0.584694           -0.024438
         5     Sig43        85       725     Pad86             412.063              258.49             486.429            0.560256           -0.024438
         5     Sig42        86       726     Pad87             418.256             248.343             486.429            0.535818           -0.024438
         5     Sig41        87       727     Pad88             405.449             288.917             497.857            0.619122           0.0833046
         5     Sig40        88       728     Pad89             412.232             279.153             497.857            0.595241          -0.0238809
         5     Sig39        89       729     Pad90             418.781              269.23             497.857            0.571361          -0.0238809
         5     Sig38        90       730     Pad91              425.09             259.153             497.857             0.54748          -0.0238809
         5     Sig37        91       731     Pad92             418.796             289.796             509.286            0.605319           0.0578393
         5     Sig36        92       732     Pad93             425.448              279.94             509.286             0.58197          -0.0233486
         5     Sig35        93       733     Pad94             431.867             269.931             509.286            0.558622          -0.0233486
         5     Sig34        94       734     Pad95             438.052             259.774             509.286            0.535273          -0.0233486
         5     Sig33        95       735     Pad96             425.319             300.412             520.714            0.614957           0.0796839
         5     Sig32        96       736     Pad97             432.068             290.621             520.714            0.592117          -0.0228396
         5     Sig31        97       737     Pad98             438.593             280.677             520.714            0.569278          -0.0228396
         5     Sig30        98       738     Pad99             444.888             270.588             520.714            0.546438          -0.0228396
         5     Sig29        99       739    Pad100             431.802             311.003             532.143            0.624184           0.0777454
         5     Sig28       100       740    Pad101             438.645             301.274             532.143            0.601832          -0.0223522
         5     Sig27       101       741    Pad102             445.269             291.395             532.143            0.579479          -0.0223522
         5     Sig26       102       742    Pad103             451.671              281.37             532.143            0.557127          -0.0223522
         5     Sig25       103       743    Pad104             457.847             271.205             532.143            0.534775          -0.0223522
         5     Sig24       104       744    Pad105             445.182             311.902             543.571             0.61114           0.0763648
         5     Sig23       105       745    Pad106             451.901             302.085             543.571            0.589254          -0.0218852
         5     Sig22       106       746    Pad107             458.403             292.124             543.571            0.567369          -0.0218852
         5     Sig21       107       747    Pad108             464.686             282.022             543.571            0.545484          -0.0218852
         5     Sig20       108       748    Pad109             451.681             322.505                 555            0.620067           0.0745828
         5     Sig19       109       749    Pad110              458.49             312.748                 555            0.598629          -0.0214373
         5     Sig18       110       750    Pad111             465.089             302.849                 555            0.577192          -0.0214373
         5     Sig17       111       751    Pad112             471.474             292.809                 555            0.555755          -0.0214373
         5     Sig16       112       752    Pad113             477.642             282.636                 555            0.534317          -0.0214373
         5     Sig15       113       753    Pad114              465.04             323.387             566.429            0.607628            0.073311
         5     Sig14       114       754    Pad115             471.731             313.547             566.429            0.586621          -0.0210074
         5     Sig13       115       755    Pad116             478.213             303.568             566.429            0.565614          -0.0210074
         5     Sig12       116       756    Pad117             484.484             293.456             566.429            0.544606          -0.0210074
         5     Sig11       117       757    Pad118             490.542             283.214             566.429            0.523599          -0.0210074
         5     Sig10       118       758    Pad119             471.553                 334             577.857            0.616274           0.0926747
         5      Sig9       119       759    Pad120             478.331             324.219             577.857            0.595679          -0.0205944
         5      Sig8       120       760    Pad121             484.907               314.3             577.857            0.575085          -0.0205944
         5      Sig7       121       761    Pad122             491.276             304.248             577.857             0.55449          -0.0205944
         5      Sig6       122       762    Pad123             497.437             294.066             577.857            0.533896          -0.0205944
         5      Sig5       123       763    Pad124             478.032             344.591             589.286            0.624585           0.0906892
         5      Sig4       124       764    Pad125             484.894             334.867             589.286            0.604388          -0.0201973
         5      Sig3       125       765    Pad126             491.558             325.005             589.286            0.584191          -0.0201973
         5      Sig2       126       766    Pad127             498.021             315.012             589.286            0.563993          -0.0201973
         5      Sig1       127       767    Pad128             504.282             304.889             589.286            0.543796          -0.0201973
