 Connector   PinName   Channel  PadIndex   PadName                   X                   Y              Radius                 Phi            DeltaPhi
         6    Sig128         0       768      Pad1             97.5197             71.1467             120.714            0.630292
         6    Sig127         1       769      Pad2             101.101             85.0901             132.143            0.699617            0.069325
         6    Sig126         2       770      Pad3             107.306             95.3848             143.571            0.726653           0.0270354
         6    Sig125         3       771      Pad4             114.691             86.3644             143.571            0.645431          -0.0812216
         6    Sig124         4       772      Pad5             121.068             96.7865                 155            0.674401           0.0289695
         6    Sig123         5       773      Pad6             127.347             107.151             166.429            0.699487           0.0250866
         6    Sig122         6       774      Pad7             134.564             97.9337             166.429            0.629132          -0.0703554
         6    Sig121         7       775      Pad8             133.547             117.466             177.857             0.72142           0.0922882
         6    Sig120         8       776      Pad9             140.997             108.411             177.857             0.65548          -0.0659404
         6    Sig119         9       777     Pad10             147.337             118.832             189.286            0.678712           0.0232321
         6    Sig118        10       778     Pad11             153.599             129.204             200.714            0.699349           0.0206368
         6    Sig117        11       779     Pad12               160.9             119.989             200.714            0.640765          -0.0585833
         6    Sig116        12       780     Pad13             159.797             139.533             212.143            0.717801           0.0770358
         6    Sig115        13       781     Pad14              167.29             130.456             212.143            0.662315          -0.0554864
         6    Sig114        14       782     Pad15             173.604             140.875             223.571            0.681698           0.0193834
         6    Sig113        15       783     Pad16             180.784             131.535             223.571            0.628998          -0.0526998
         6    Sig112        16       784     Pad17             179.855             151.252                 235            0.699226           0.0702276
         6    Sig111        17       785     Pad18             187.215              142.04                 235            0.649047          -0.0501792
         6    Sig110        18       786     Pad19             186.052             161.591             246.429            0.715152           0.0661053
         6    Sig109        19       787     Pad20             193.574               152.5             246.429            0.667264          -0.0478883
         6    Sig108        20       788     Pad21             199.871             162.917             257.857            0.683889           0.0166251
         6    Sig107        21       789     Pad22              207.12             153.596             257.857            0.638092          -0.0457972
         6    Sig106        22       790     Pad23             206.113             173.298             269.286            0.699122           0.0610301
         6    Sig105        23       791     Pad24             213.517             164.089             269.286            0.655241          -0.0438807
         6    Sig104        24       792     Pad25             212.309             183.645             280.714             0.71313           0.0578891
         6    Sig103        25       793     Pad26             219.853             174.542             280.714            0.671012          -0.0421181
         6    Sig102        26       794     Pad27             227.008              165.13             280.714            0.628894          -0.0421181
         6    Sig101        27       795     Pad28             218.464             193.961             292.143            0.726056           0.0971618
         6    Sig100        28       796     Pad29             226.137             184.959             292.143            0.685564          -0.0404914
         6     Sig99        29       797     Pad30             233.438             175.653             292.143            0.645073          -0.0404914
         6     Sig98        30       798     Pad31             232.373             195.342             303.571            0.699034           0.0539608
         6     Sig97        31       799     Pad32              239.81             186.136             303.571            0.660048          -0.0389856
         6     Sig96        32       800     Pad33             238.568             205.694                 315            0.711537           0.0514885
         6     Sig95        33       801     Pad34             246.129             196.584                 315            0.673949          -0.0375876
         6     Sig94        34       802     Pad35             253.343             187.196                 315            0.636362          -0.0375876
         6     Sig93        35       803     Pad36             244.727              216.02             326.429            0.723174            0.086812
         6     Sig92        36       804     Pad37             252.402             206.999             326.429            0.686887          -0.0362863
         6     Sig91        37       805     Pad38             259.746             197.706             326.429            0.650601          -0.0362863
         6     Sig90        38       806     Pad39             258.634             217.384             337.857            0.698959           0.0483582
         6     Sig89        39       807     Pad40             266.097             208.182             337.857            0.663887          -0.0350721
         6     Sig88        40       808     Pad41             273.234             198.723             337.857            0.628815          -0.0350721
         6     Sig87        41       809     Pad42             264.828             227.742             349.286            0.710249           0.0814339
         6     Sig86        42       810     Pad43             272.403             218.625             349.286            0.676313          -0.0339364
         6     Sig85        43       811     Pad44             279.664             209.257             349.286            0.642376          -0.0339364
         6     Sig84        44       812     Pad45              270.99             238.075             360.714             0.72083            0.078454
         6     Sig83        45       813     Pad46             278.668              229.04             360.714            0.687958          -0.0328719
         6     Sig82        46       814     Pad47             286.045             219.757             360.714            0.655086          -0.0328719
         6     Sig81        47       815     Pad48             284.895             239.426             372.143            0.698895            0.043809
         6     Sig80        48       816     Pad49              292.38             230.226             372.143            0.667023          -0.0318721
         6     Sig79        49       817     Pad50             299.568             220.792             372.143            0.635151          -0.0318721
         6     Sig78        50       818     Pad51             291.089             249.788             383.571            0.709187           0.0740354
         6     Sig77        51       819     Pad52             298.675             240.666             383.571            0.678255          -0.0309313
         6     Sig76        52       820     Pad53             305.975             231.314             383.571            0.647324          -0.0309313
         6     Sig75        53       821     Pad54             297.253             260.126                 395            0.718887           0.0715634
         6     Sig74        54       822     Pad55             304.933              251.08                 395            0.688843          -0.0300444
         6     Sig73        55       823     Pad56             312.338             241.806                 395            0.658799          -0.0300444
         6     Sig72        56       824     Pad57             319.461             232.314                 395            0.628754          -0.0300444
         6     Sig71        57       825     Pad58             311.157             261.468             406.429             0.69884           0.0700861
         6     Sig70        58       826     Pad59              318.66              252.27             406.429            0.669633          -0.0292069
         6     Sig69        59       827     Pad60             325.891             242.856             406.429            0.640426          -0.0292069
         6     Sig68        60       828     Pad61             317.351             271.833             417.857            0.708295           0.0678688
         6     Sig67        61       829     Pad62             324.946             262.707             417.857             0.67988          -0.0284148
         6     Sig66        62       830     Pad63             332.278             253.369             417.857            0.651466          -0.0284148
         6     Sig65        63       831     Pad64             323.516             282.176             429.286            0.717251           0.0657852
         6     Sig64        64       832     Pad65             331.198             273.119             429.286            0.689586          -0.0276646
         6     Sig63        65       833     Pad66             338.626             263.853             429.286            0.661922          -0.0276646
         6     Sig62        66       834     Pad67             345.795             254.386             429.286            0.634257          -0.0276646
         6     Sig61        67       835     Pad68             329.656             292.499             440.714            0.725745           0.0914883
         6     Sig60        68       836     Pad69             337.419             283.509             440.714            0.698792          -0.0269529
         6     Sig59        69       837     Pad70             344.937             274.312             440.714             0.67184          -0.0269529
         6     Sig58        70       838     Pad71             352.205             264.917             440.714            0.644887          -0.0269529
         6     Sig57        71       839     Pad72             343.613             293.876             452.143            0.707537           0.0626501
         6     Sig56        72       840     Pad73             351.215             284.747             452.143             0.68126          -0.0262769
         6     Sig55        73       841     Pad74             358.576             275.421             452.143            0.654983          -0.0262769
         6     Sig54        74       842     Pad75             365.688             265.905             452.143            0.628706          -0.0262769
         6     Sig53        75       843     Pad76              349.78             304.224             463.571            0.715853           0.0871469
         6     Sig52        76       844     Pad77             357.463             295.159             463.571            0.690219          -0.0256339
         6     Sig51        77       845     Pad78             364.911               285.9             463.571            0.664585          -0.0256339
         6     Sig50        78       846     Pad79             372.119             276.453             463.571            0.638951          -0.0256339
         6     Sig49        79       847     Pad80             355.924             314.553                 475            0.723772           0.0848208
         6     Sig48        80       848     Pad81             363.682             305.549                 475             0.69875          -0.0250217
         6     Sig47        81       849     Pad82             371.213             296.355                 475            0.673729          -0.0250217
         6     Sig46        82       850     Pad83             378.511             286.974                 475            0.648707          -0.0250217
         6     Sig45        83       851     Pad84             369.875             315.919             486.429            0.706884           0.0581765
         6     Sig44        84       852     Pad85             377.484             306.787             486.429            0.682446           -0.024438
         6     Sig43        85       853     Pad86             384.868             297.471             486.429            0.658008           -0.024438
         6     Sig42        86       854     Pad87             392.022             287.978             486.429             0.63357           -0.024438
         6     Sig41        87       855     Pad88             376.044             326.271             497.857            0.714646           0.0810762
         6     Sig40        88       856     Pad89             383.728             317.198             497.857            0.690765          -0.0238809
         6     Sig39        89       857     Pad90             391.193             307.945             497.857            0.666884          -0.0238809
         6     Sig38        90       858     Pad91             398.434             298.516             497.857            0.643003          -0.0238809
         6     Sig37        91       859     Pad92             382.191             336.604             509.286            0.722062           0.0790588
         6     Sig36        92       860     Pad93             389.945             327.589             509.286            0.698713          -0.0233486
         6     Sig35        93       861     Pad94             397.487             318.396             509.286            0.675365          -0.0233486
         6     Sig34        94       862     Pad95             404.812              309.03             509.286            0.652016          -0.0233486
         6     Sig33        95       863     Pad96             411.916             299.494             509.286            0.628668          -0.0233486
         6     Sig32        96       864     Pad97             396.138             337.962             520.714            0.706315           0.0776477
         6     Sig31        97       865     Pad98             403.753             328.827             520.714            0.683476          -0.0228396
         6     Sig30        98       866     Pad99             411.157              319.52             520.714            0.660636          -0.0228396
         6     Sig29        99       867    Pad100             418.347             310.047             520.714            0.637797          -0.0228396
         6     Sig28       100       868    Pad101             402.308             348.316             532.143            0.713593            0.075796
         6     Sig27       101       869    Pad102             409.993             339.238             532.143             0.69124          -0.0223522
         6     Sig26       102       870    Pad103             417.472             329.989             532.143            0.668888          -0.0223522
         6     Sig25       103       871    Pad104             424.743             320.576             532.143            0.646536          -0.0223522
         6     Sig24       104       872    Pad105             408.457             358.654             543.571            0.720566           0.0740298
         6     Sig23       105       873    Pad106             416.208             349.629             543.571            0.698681          -0.0218852
         6     Sig22       106       874    Pad107             423.759             340.438             543.571            0.676795          -0.0218852
         6     Sig21       107       875    Pad108             431.108             331.083             543.571             0.65491          -0.0218852
         6     Sig20       108       876    Pad109              438.25             321.569             543.571            0.633025          -0.0218852
         6     Sig19       109       877    Pad110             422.401             360.004                 555            0.705816           0.0727913
         6     Sig18       110       878    Pad111             430.021             350.866                 555            0.684379          -0.0214373
         6     Sig17       111       879    Pad112             437.443             341.568                 555            0.662941          -0.0214373
         6     Sig16       112       880    Pad113             444.664             332.113                 555            0.641504          -0.0214373
         6     Sig15       113       881    Pad114             428.572             370.361             566.429            0.712665           0.0711614
         6     Sig14       114       882    Pad115             436.257             361.277             566.429            0.691658          -0.0210074
         6     Sig13       115       883    Pad116              443.75             352.033             566.429            0.670651          -0.0210074
         6     Sig12       116       884    Pad117             451.047             342.634             566.429            0.649643          -0.0210074
         6     Sig11       117       885    Pad118             458.145             333.084             566.429            0.628636          -0.0210074
         6     Sig10       118       886    Pad119             434.724             380.702             577.857            0.719245           0.0906096
         6      Sig9       119       887    Pad120             442.471             371.669             577.857            0.698651          -0.0205944
         6      Sig8       120       888    Pad121             450.031             362.479             577.857            0.678057          -0.0205944
         6      Sig7       121       889    Pad122               457.4             353.134             577.857            0.657462          -0.0205944
         6      Sig6       122       890    Pad123             464.575              343.64             577.857            0.636868          -0.0205944
         6      Sig5       123       891    Pad124             440.857             391.028             589.286            0.725572           0.0887037
         6      Sig4       124       892    Pad125             448.664             382.045             589.286            0.705374          -0.0201973
         6      Sig3       125       893    Pad126             456.288             372.906             589.286            0.685177          -0.0201973
         6      Sig2       126       894    Pad127             463.726             363.615             589.286             0.66498          -0.0201973
         6      Sig1       127       895    Pad128             470.975             354.175             589.286            0.644783          -0.0201973
